        Frequency / GHz                S1,1/abs,dB
----------------------------------------------------------------------
                       1                      -0.1411384
               1.0025001                     -0.14257445
                   1.005                     -0.14381133
               1.0075001                     -0.14485121
                    1.01                     -0.14569352
                  1.0125                     -0.14634197
                   1.015                     -0.14679784
                  1.0175                     -0.14706413
                    1.02                     -0.14714361
                  1.0225                     -0.14703832
                   1.025                     -0.14675309
                  1.0275                     -0.14629008
                    1.03                     -0.14565442
                  1.0325                      -0.1448506
                   1.035                     -0.14388118
                  1.0375                     -0.14275389
                    1.04                     -0.14146954
                  1.0425                      -0.1400365
                   1.045                     -0.13846017
                  1.0475                     -0.13674368
                    1.05                     -0.13489484
                  1.0525                     -0.13291889
               1.0549999                     -0.13082108
                  1.0575                     -0.12860717
               1.0599999                     -0.12628454
                  1.0625                     -0.12385889
               1.0650001                     -0.12133714
                  1.0675                     -0.11872433
               1.0700001                     -0.11602775
                  1.0725                     -0.11325414
                   1.075                     -0.11041057
                  1.0775                     -0.10750171
                    1.08                     -0.10453617
                  1.0825                     -0.10151881
                   1.085                    -0.098457474
                  1.0875                     -0.09535789
                    1.09                    -0.092226152
                  1.0925                    -0.089070327
                   1.095                    -0.085894421
                  1.0975                    -0.082707253
                     1.1                    -0.079513254
                  1.1025                    -0.076318339
                   1.105                    -0.073129208
                  1.1075                    -0.069952022
                    1.11                    -0.066791453
                  1.1125                    -0.063655726
                   1.115                    -0.060546489
               1.1174999                    -0.057471356
                    1.12                    -0.054435275
               1.1224999                    -0.051443289
                   1.125                    -0.048501482
               1.1275001                    -0.045611739
                    1.13                    -0.042781335
               1.1325001                    -0.040012841
                   1.135                    -0.037312706
                  1.1375                    -0.034682821
                    1.14                     -0.03212669
                  1.1425                     -0.02965088
                   1.145                    -0.027256025
                  1.1475                    -0.024948244
                    1.15                    -0.022727875
                  1.1525                    -0.020598639
                   1.155                    -0.018564108
                  1.1575                    -0.016625858
                    1.16                    -0.014787127
                  1.1625                    -0.013049793
                   1.165                    -0.011415143
                  1.1675                   -0.0098853595
                    1.17                    -0.008462359
                  1.1725                    -0.007147079
                   1.175                   -0.0059403176
                  1.1775                   -0.0048444018
               1.1799999                   -0.0038607477
                  1.1825                   -0.0029857842
               1.1849999                   -0.0022232779
                  1.1875                   -0.0015738381
               1.1900001                    -0.001035325
                  1.1925                  -0.00060953356
               1.1950001                  -0.00029610635
                  1.1975                  -9.2335276e-05
                     1.2                   -2.422268e-07
                  1.2025                  -1.6469558e-05
                   1.205                  -0.00014325829
                  1.2075                  -0.00037719463
                    1.21                  -0.00071693915
                  1.2125                   -0.0011606825
                   1.215                    -0.001711023
                  1.2175                   -0.0023603342
                    1.22                   -0.0031095411
                  1.2225                   -0.0039569979
                   1.225                   -0.0048996793
                  1.2275                   -0.0059352083
                    1.23                   -0.0070618012
                  1.2325                   -0.0082786589
                   1.235                   -0.0095794805
                  1.2375                    -0.010964591
                    1.24                    -0.012428881
               1.2424999                    -0.013970634
                   1.245                    -0.015587479
               1.2474999                    -0.017275819
                    1.25                    -0.019032168
               1.2525001                    -0.020854023
                   1.255                    -0.022737457
               1.2575001                    -0.024678915
                    1.26                     -0.02667574
                  1.2625                    -0.028724393
                   1.265                    -0.030820221
                  1.2675                    -0.032962393
                    1.27                    -0.035143853
                  1.2725                    -0.037363519
                   1.275                    -0.039618023
                  1.2775                    -0.041901535
                    1.28                     -0.04421261
                  1.2825                    -0.046546321
                   1.285                    -0.048899651
                  1.2875                    -0.051269883
                    1.29                    -0.053651453
                  1.2925                    -0.056041559
                   1.295                    -0.058437749
                  1.2975                     -0.06083666
                     1.3                    -0.063232813
                  1.3025                    -0.065623172
               1.3049999                    -0.068007391
                  1.3075                    -0.070377949
               1.3099999                    -0.072734542
                  1.3125                    -0.075072993
               1.3150001                    -0.077389724
                  1.3175                    -0.079682668
               1.3200001                    -0.081948503
                  1.3225                    -0.084183923
                   1.325                    -0.086387167
                  1.3275                    -0.088554189
                    1.33                    -0.090684182
                  1.3325                    -0.092772375
                   1.335                    -0.094817427
                  1.3375                    -0.096818906
                    1.34                    -0.098771364
                  1.3425                     -0.10067413
                   1.345                     -0.10252667
                  1.3475                     -0.10432502
                    1.35                     -0.10606828
                  1.3525                      -0.1077543
                   1.355                     -0.10938294
                  1.3575                     -0.11095098
                    1.36                     -0.11245837
                  1.3625                     -0.11390591
                   1.365                     -0.11528777
               1.3674999                     -0.11660741
                    1.37                      -0.1178613
               1.3724999                     -0.11905123
                   1.375                     -0.12017467
               1.3775001                     -0.12123347
                    1.38                     -0.12222534
               1.3825001                     -0.12315048
                   1.385                     -0.12401046
                  1.3875                     -0.12480303
                    1.39                     -0.12553028
                  1.3925                     -0.12619231
                   1.395                     -0.12678871
                  1.3975                     -0.12732137
                     1.4                      -0.1277911
                  1.4025                     -0.12819789
                   1.405                     -0.12854137
                  1.4075                     -0.12882584
                    1.41                     -0.12905208
                  1.4125                     -0.12921858
                   1.415                     -0.12933002
                  1.4175                     -0.12938546
                    1.42                     -0.12938717
                  1.4225                     -0.12933617
                   1.425                     -0.12923695
                  1.4275                     -0.12908789
               1.4299999                     -0.12889431
                  1.4325                      -0.1286558
               1.4349999                     -0.12837536
                  1.4375                     -0.12805368
               1.4400001                      -0.1276959
                  1.4425                     -0.12730185
               1.4450001                     -0.12687469
                  1.4475                     -0.12641582
                    1.45                     -0.12592965
                  1.4525                      -0.1254185
                   1.455                     -0.12488388
                  1.4575                     -0.12432664
                    1.46                     -0.12375442
                  1.4625                     -0.12316499
                   1.465                     -0.12256172
                  1.4675                     -0.12195062
                    1.47                     -0.12132902
                  1.4725                     -0.12070562
                   1.475                     -0.12007841
                  1.4775                     -0.11945093
                    1.48                     -0.11882961
                  1.4825                     -0.11821095
                   1.485                      -0.1176029
                  1.4875                     -0.11700504
                    1.49                     -0.11642284
               1.4924999                     -0.11585548
                   1.495                     -0.11530843
               1.4974999                     -0.11478259
                     1.5                     -0.11428138
               1.5025001                     -0.11380819
                   1.505                     -0.11336127
               1.5075001                     -0.11294775
                    1.51                     -0.11256926
                  1.5125                     -0.11222555
                   1.515                     -0.11192158
                  1.5175                     -0.11165869
                    1.52                     -0.11143928
                  1.5225                     -0.11126433
                   1.525                     -0.11113661
                  1.5275                     -0.11105777
                    1.53                     -0.11103197
                  1.5325                     -0.11105737
                   1.535                     -0.11114062
                  1.5375                     -0.11127725
                    1.54                     -0.11147419
                  1.5425                     -0.11173077
                   1.545                      -0.1120509
                  1.5475                     -0.11243204
                    1.55                     -0.11287849
                  1.5525                     -0.11338961
               1.5549999                      -0.1139688
                  1.5575                     -0.11461605
               1.5599999                     -0.11533316
                  1.5625                     -0.11611886
               1.5650001                     -0.11697607
                  1.5675                     -0.11790692
               1.5700001                     -0.11890907
                  1.5725                     -0.11998431
                   1.575                     -0.12113482
                  1.5775                     -0.12236023
                    1.58                     -0.12365872
                  1.5825                     -0.12503505
                   1.585                     -0.12648412
                  1.5875                     -0.12801233
                    1.59                     -0.12961567
                  1.5925                     -0.13129347
                   1.595                     -0.13304858
                  1.5975                     -0.13488046
                     1.6                     -0.13678695
                  1.6025                     -0.13877118
                   1.605                      -0.1408284
                  1.6075                     -0.14296259
                    1.61                     -0.14517168
                  1.6125                     -0.14745272
                   1.615                     -0.14981008
               1.6174999                     -0.15223873
                    1.62                     -0.15474019
               1.6224999                     -0.15731378
                   1.625                     -0.15995751
               1.6275001                     -0.16267114
                    1.63                     -0.16545484
               1.6325001                     -0.16830641
                   1.635                     -0.17122538
                  1.6375                     -0.17421138
                    1.64                     -0.17726144
                  1.6425                     -0.18037634
                   1.645                     -0.18355551
                  1.6475                     -0.18679521
                    1.65                     -0.19009689
                  1.6525                     -0.19345672
                   1.655                     -0.19687639
                  1.6575                     -0.20035286
                    1.66                     -0.20388421
                  1.6625                     -0.20747106
                   1.665                     -0.21111102
                  1.6675                     -0.21480372
                    1.67                     -0.21854638
                  1.6725                     -0.22233984
                   1.675                     -0.22618026
                  1.6775                     -0.23006727
               1.6799999                     -0.23400077
                  1.6825                      -0.2379797
               1.6849999                     -0.24199978
                  1.6875                     -0.24606326
               1.6900001                     -0.25016811
                  1.6925                     -0.25431052
               1.6950001                      -0.2584918
                  1.6975                     -0.26271055
                     1.7                      -0.2669663
                  1.7025                     -0.27125523
                   1.705                     -0.27558019
                  1.7075                      -0.2799377
                    1.71                     -0.28432784
                  1.7125                     -0.28874805
                   1.715                     -0.29319857
                  1.7175                      -0.2976802
                    1.72                      -0.3021891
                  1.7225                      -0.3067265
                   1.725                     -0.31129367
                  1.7275                     -0.31588649
                    1.73                     -0.32050535
                  1.7325                     -0.32515169
                   1.735                     -0.32982456
                  1.7375                      -0.3345212
                    1.74                     -0.33924493
               1.7424999                      -0.3439936
                   1.745                     -0.34876869
               1.7474999                     -0.35356731
                    1.75                     -0.35839354
               1.7525001                     -0.36324594
                   1.755                     -0.36812368
               1.7575001                     -0.37302749
                    1.76                      -0.3779607
                  1.7625                     -0.38291983
                   1.765                     -0.38790869
                  1.7675                     -0.39292613
                    1.77                     -0.39797445
                  1.7725                     -0.40305381
                   1.775                      -0.4081658
                  1.7775                     -0.41331088
                    1.78                     -0.41849171
                  1.7825                     -0.42370829
                   1.785                     -0.42896239
                  1.7875                     -0.43425652
                    1.79                     -0.43959213
                  1.7925                     -0.44496931
                   1.795                     -0.45039177
                  1.7975                     -0.45586264
                     1.8                     -0.46138124
                  1.8025                     -0.46695113
               1.8049999                      -0.4725748
                  1.8075                     -0.47825414
               1.8099999                      -0.4839926
                  1.8125                     -0.48979146
               1.8150001                     -0.49565473
                  1.8175                     -0.50158345
               1.8200001                     -0.50758237
                  1.8225                     -0.51365357
                   1.825                     -0.51980027
                  1.8275                      -0.5260271
                    1.83                     -0.53233477
                  1.8325                     -0.53872903
                   1.835                     -0.54521231
                  1.8375                     -0.55178828
                    1.84                     -0.55845868
                  1.8425                     -0.56523115
                   1.845                     -0.57210651
                  1.8475                     -0.57908998
                    1.85                     -0.58618446
                  1.8525                      -0.5933952
                   1.855                     -0.60072581
                  1.8575                     -0.60817955
                    1.86                     -0.61576372
                  1.8625                     -0.62347898
                   1.865                     -0.63133213
               1.8674999                     -0.63932663
                    1.87                     -0.64746758
               1.8724999                     -0.65575912
                   1.875                     -0.66420625
               1.8775001                     -0.67281483
                    1.88                     -0.68158715
               1.8825001                     -0.69052932
                   1.885                     -0.69964773
                  1.8875                     -0.70894499
                    1.89                     -0.71842851
                  1.8925                     -0.72810077
                   1.895                     -0.73796839
                  1.8975                     -0.74803563
                     1.9                     -0.75830958
                  1.9025                     -0.76879311
                   1.905                     -0.77949263
                  1.9075                     -0.79041416
                    1.91                     -0.80156249
                  1.9125                     -0.81294323
                   1.915                     -0.82455982
                  1.9175                     -0.83642117
                    1.92                     -0.84853045
                  1.9225                     -0.86089351
                   1.925                     -0.87351506
                  1.9275                     -0.88640307
               1.9299999                     -0.89956173
                  1.9325                     -0.91299603
               1.9349999                     -0.92671332
                  1.9375                     -0.94071744
               1.9400001                     -0.95501413
                  1.9425                     -0.96961029
               1.9450001                     -0.98451208
                  1.9475                     -0.99972214
                    1.95                       -1.015251
                  1.9525                      -1.0310995
                   1.955                       -1.047277
                  1.9575                      -1.0637874
                    1.96                      -1.0806376
                  1.9625                      -1.0978329
                   1.965                      -1.1153783
                  1.9675                      -1.1332795
                    1.97                      -1.1515446
                  1.9725                      -1.1701782
                   1.975                      -1.1891861
                  1.9775                      -1.2085728
                    1.98                      -1.2283459
                  1.9825                       -1.248512
                   1.985                       -1.269076
                  1.9875                      -1.2900425
                    1.99                      -1.3114184
               1.9924999                      -1.3332102
                   1.995                      -1.3554247
               1.9974999                      -1.3780641
                       2                       -1.401138
               2.0025001                      -1.4246523
               2.0050001                      -1.4486097
               2.0074999                      -1.4730189
                    2.01                      -1.4978859
                  2.0125                      -1.5232169
               2.0150001                      -1.5490168
               2.0174999                      -1.5752897
                    2.02                      -1.6020457
                  2.0225                      -1.6292903
               2.0250001                      -1.6570253
               2.0274999                      -1.6852634
                    2.03                      -1.7140033
                  2.0325                       -1.743258
               2.0350001                      -1.7730304
               2.0374999                      -1.8033265
                    2.04                      -1.8341524
                  2.0425                       -1.865515
               2.0450001                       -1.897421
               2.0474999                      -1.9298764
                    2.05                      -1.9628866
                  2.0525                      -1.9964584
               2.0550001                      -2.0305988
               2.0574999                       -2.065313
               2.0599999                      -2.1006095
                  2.0625                      -2.1364936
               2.0650001                       -2.172971
               2.0675001                      -2.2100495
               2.0699999                      -2.2477352
                  2.0725                      -2.2860342
                   2.075                      -2.3249544
               2.0775001                      -2.3645037
               2.0799999                      -2.4046846
                  2.0825                      -2.4455082
                   2.085                      -2.4869803
               2.0875001                      -2.5291073
               2.0899999                      -2.5718962
                  2.0925                      -2.6153542
                   2.095                      -2.6594898
               2.0975001                      -2.7043081
               2.0999999                      -2.7498189
                  2.1025                      -2.7960277
                   2.105                      -2.8429432
               2.1075001                      -2.8905725
               2.1099999                      -2.9389232
                  2.1125                      -2.9880031
                   2.115                      -3.0378208
               2.1175001                      -3.0883834
               2.1199999                      -3.1397002
               2.1224999                      -3.1917789
                   2.125                       -3.244628
               2.1275001                      -3.2982543
               2.1300001                      -3.3526692
               2.1324999                      -3.4078794
                   2.135                      -3.4638946
                  2.1375                      -3.5207246
               2.1400001                      -3.5783771
               2.1424999                      -3.6368615
                   2.145                      -3.6961879
                  2.1475                       -3.756365
               2.1500001                      -3.8174052
               2.1524999                      -3.8793158
                   2.155                      -3.9421084
                  2.1575                      -4.0057913
               2.1600001                      -4.0703775
               2.1624999                      -4.1358771
                   2.165                      -4.2023023
                  2.1675                      -4.2696615
               2.1700001                      -4.3379677
               2.1724999                      -4.4072325
                   2.175                      -4.4774678
                  2.1775                      -4.5486855
               2.1800001                      -4.6208978
               2.1824999                      -4.6941188
               2.1849999                      -4.7683605
                  2.1875                      -4.8436365
               2.1900001                      -4.9199604
               2.1925001                      -4.9973465
               2.1949999                      -5.0758088
                  2.1975                      -5.1553612
                     2.2                      -5.2360181
               2.2025001                      -5.3177996
               2.2049999                      -5.4007145
                  2.2075                      -5.4847837
                    2.21                      -5.5700218
               2.2125001                      -5.6564479
               2.2149999                      -5.7440772
                  2.2175                      -5.8329293
                    2.22                      -5.9230226
               2.2225001                      -6.0143737
               2.2249999                       -6.107005
                  2.2275                      -6.2009348
                    2.23                      -6.2961852
               2.2325001                      -6.3927766
               2.2349999                      -6.4907299
                  2.2375                      -6.5900695
                    2.24                      -6.6908179
               2.2425001                      -6.7929974
               2.2449999                      -6.8966358
               2.2474999                      -7.0017569
                    2.25                      -7.1083849
               2.2525001                      -7.2165503
               2.2550001                       -7.326279
               2.2574999                      -7.4376014
                    2.26                      -7.5505455
                  2.2625                      -7.6651435
               2.2650001                      -7.7814265
               2.2674999                      -7.8994275
                    2.27                      -8.0191818
                  2.2725                      -8.1407229
               2.2750001                      -8.2640887
               2.2774999                      -8.3893164
                    2.28                      -8.5164446
                  2.2825                      -8.6455148
               2.2850001                      -8.7765708
               2.2874999                      -8.9096533
                    2.29                      -9.0448106
                  2.2925                      -9.1820867
               2.2950001                      -9.3215331
               2.2974999                      -9.4631991
                     2.3                      -9.6071368
                  2.3025                      -9.7534037
               2.3050001                      -9.9020543
               2.3074999                       -10.05315
               2.3099999                       -10.20675
                  2.3125                       -10.36292
               2.3150001                      -10.521727
               2.3175001                       -10.68324
               2.3199999                      -10.847531
                  2.3225                      -11.014679
                   2.325                      -11.184758
               2.3275001                      -11.357852
               2.3299999                      -11.534047
                  2.3325                       -11.71343
                   2.335                      -11.896094
               2.3375001                      -12.082139
               2.3399999                      -12.271663
                  2.3425                      -12.464769
                   2.345                      -12.661568
               2.3475001                      -12.862175
               2.3499999                      -13.066706
                  2.3525                      -13.275283
                   2.355                      -13.488034
               2.3575001                      -13.705093
               2.3599999                      -13.926593
                  2.3625                      -14.152676
                   2.365                      -14.383486
               2.3675001                      -14.619172
               2.3699999                      -14.859886
               2.3724999                      -15.105783
                   2.375                      -15.357016
               2.3775001                      -15.613743
               2.3800001                      -15.876118
               2.3824999                      -16.144289
                   2.385                        -16.4184
                  2.3875                      -16.698588
               2.3900001                      -16.984966
               2.3924999                      -17.277633
                   2.395                      -17.576661
                  2.3975                      -17.882077
               2.4000001                      -18.193868
               2.4024999                       -18.51195
                   2.405                      -18.836165
                  2.4075                      -19.166246
               2.4100001                      -19.501802
               2.4124999                      -19.842278
                   2.415                      -20.186922
                  2.4175                      -20.534738
               2.4200001                      -20.884433
               2.4224999                      -21.234363
                   2.425                      -21.582474
                  2.4275                      -21.926237
               2.4300001                      -22.262603
               2.4324999                      -22.587959
               2.4349999                      -22.898137
                  2.4375                      -23.188451
               2.4400001                      -23.453817
               2.4425001                      -23.688945
               2.4449999                      -23.888619
                  2.4475                      -24.048038
                    2.45                      -24.163222
               2.4525001                      -24.231368
               2.4549999                      -24.251134
                  2.4575                      -24.222793
                    2.46                       -24.14819
               2.4625001                      -24.030556
               2.4649999                      -23.874187
                  2.4675                      -23.684055
                    2.47                      -23.465433
               2.4725001                      -23.223566
               2.4749999                      -22.963418
                  2.4775                      -22.689503
                    2.48                      -22.405805
               2.4825001                      -22.115737
               2.4849999                      -21.822165
                  2.4875                       -21.52745
                    2.49                      -21.233495
               2.4925001                      -20.941818
               2.4949999                      -20.653599
               2.4974999                      -20.369742
                     2.5                      -20.090924
               2.5025001                      -19.817638
               2.5050001                      -19.550223
               2.5074999                      -19.288902
                    2.51                      -19.033803
                  2.5125                      -18.784977
               2.5150001                      -18.542419
               2.5174999                      -18.306078
                    2.52                      -18.075872
                  2.5225                      -17.851687
               2.5250001                      -17.633397
               2.5274999                      -17.420857
                    2.53                      -17.213919
                  2.5325                      -17.012425
               2.5350001                      -16.816214
               2.5374999                      -16.625126
                    2.54                      -16.438999
                  2.5425                      -16.257676
               2.5450001                      -16.081002
               2.5474999                      -15.908821
                    2.55                      -15.740987
                  2.5525                      -15.577355
               2.5550001                      -15.417785
               2.5574999                       -15.26214
               2.5599999                      -15.110292
                  2.5625                       -14.96211
               2.5650001                      -14.817476
               2.5675001                      -14.676274
               2.5699999                      -14.538386
                  2.5725                      -14.403707
                   2.575                      -14.272132
               2.5775001                      -14.143557
               2.5799999                      -14.017891
                  2.5825                      -13.895037
                   2.585                      -13.774906
               2.5875001                      -13.657409
               2.5899999                      -13.542469
                  2.5925                      -13.430003
                   2.595                      -13.319935
               2.5975001                      -13.212188
               2.5999999                      -13.106694
                  2.6025                      -13.003385
                   2.605                      -12.902193
               2.6075001                      -12.803051
               2.6099999                      -12.705905
                  2.6125                      -12.610689
                   2.615                       -12.51735
               2.6175001                      -12.425829
               2.6199999                      -12.336076
               2.6224999                      -12.248037
                   2.625                      -12.161663
               2.6275001                      -12.076907
               2.6300001                       -11.99372
               2.6324999                      -11.912057
                   2.635                      -11.831878
                  2.6375                      -11.753137
               2.6400001                      -11.675795
               2.6424999                      -11.599812
                   2.645                      -11.525148
                  2.6475                       -11.45177
               2.6500001                      -11.379637
               2.6524999                      -11.308719
                   2.655                       -11.23898
                  2.6575                      -11.170384
               2.6600001                      -11.102905
               2.6624999                      -11.036509
                   2.665                      -10.971165
                  2.6675                      -10.906846
               2.6700001                      -10.843523
               2.6724999                       -10.78117
                   2.675                      -10.719759
                  2.6775                      -10.659264
               2.6800001                      -10.599661
               2.6824999                      -10.540926
               2.6849999                      -10.483035
                  2.6875                      -10.425966
               2.6900001                      -10.369695
               2.6925001                      -10.314202
               2.6949999                      -10.259466
                  2.6975                      -10.205466
                     2.7                      -10.152185
               2.7025001                      -10.099601
               2.7049999                      -10.047695
                  2.7075                      -9.9964523
                    2.71                      -9.9458543
               2.7125001                      -9.8958833
               2.7149999                       -9.846525
                  2.7175                      -9.7977615
                    2.72                      -9.7495789
               2.7225001                      -9.7019615
               2.7249999                      -9.6548958
                  2.7275                      -9.6083677
                    2.73                      -9.5623651
               2.7325001                      -9.5168739
               2.7349999                      -9.4718822
                  2.7375                      -9.4273761
                    2.74                      -9.3833472
               2.7425001                      -9.3397826
               2.7449999                      -9.2966717
               2.7474999                      -9.2540039
                    2.75                      -9.2117699
               2.7525001                      -9.1699587
               2.7550001                       -9.128563
               2.7574999                      -9.0875733
                    2.76                      -9.0469815
                  2.7625                      -9.0067786
               2.7650001                      -8.9669561
               2.7674999                      -8.9275087
                    2.77                       -8.888427
                  2.7725                      -8.8497057
               2.7750001                      -8.8113386
               2.7774999                      -8.7733176
                    2.78                       -8.735638
                  2.7825                      -8.6982949
               2.7850001                      -8.6612817
               2.7874999                       -8.624593
                    2.79                      -8.5882254
                  2.7925                      -8.5521735
               2.7950001                      -8.5164335
               2.7974999                      -8.4810005
                     2.8                      -8.4458705
                  2.8025                      -8.4110417
               2.8050001                      -8.3765092
               2.8074999                      -8.3422693
               2.8099999                      -8.3083199
                  2.8125                      -8.2746589
               2.8150001                      -8.2412828
               2.8175001                      -8.2081892
               2.8199999                       -8.175376
                  2.8225                      -8.1428414
                   2.825                      -8.1105834
               2.8275001                       -8.078599
               2.8299999                      -8.0468888
                  2.8325                      -8.0154489
                   2.835                      -7.9842808
               2.8375001                      -7.9533829
               2.8399999                      -7.9227511
                  2.8425                      -7.8923858
                   2.845                      -7.8622891
               2.8475001                      -7.8324557
               2.8499999                      -7.8028874
                  2.8525                      -7.7735847
                   2.855                      -7.7445439
               2.8575001                      -7.7157673
               2.8599999                       -7.687254
                  2.8625                      -7.6590034
                   2.865                      -7.6310144
               2.8675001                      -7.6032876
               2.8699999                      -7.5758228
               2.8724999                      -7.5486203
                   2.875                        -7.52168
               2.8775001                      -7.4950004
               2.8800001                      -7.4685842
               2.8824999                      -7.4424286
                   2.885                      -7.4165348
                  2.8875                      -7.3909023
               2.8900001                      -7.3655322
               2.8924999                      -7.3404246
                   2.895                      -7.3155766
                  2.8975                      -7.2909924
               2.9000001                      -7.2666687
               2.9024999                      -7.2426069
                   2.905                      -7.2188065
                  2.9075                      -7.1952671
               2.9100001                      -7.1719893
               2.9124999                      -7.1489726
                   2.915                      -7.1262159
                  2.9175                      -7.1037207
               2.9200001                      -7.0814859
               2.9224999                      -7.0595098
                   2.925                       -7.037794
                  2.9275                       -7.016336
               2.9300001                      -6.9951368
               2.9324999                      -6.9741953
               2.9349999                      -6.9535107
                  2.9375                      -6.9330823
               2.9400001                      -6.9129078
               2.9425001                      -6.8929888
               2.9449999                      -6.8733241
                  2.9475                        -6.85391
                    2.95                      -6.8347483
               2.9525001                      -6.8158353
               2.9549999                      -6.7971705
                  2.9575                      -6.7787537
                    2.96                      -6.7605825
               2.9625001                      -6.7426543
               2.9649999                      -6.7249699
                  2.9675                      -6.7075247
                    2.97                      -6.6903184
               2.9725001                      -6.6733491
               2.9749999                       -6.656614
                  2.9775                      -6.6401123
                    2.98                      -6.6238392
               2.9825001                      -6.6077938
               2.9849999                       -6.591975
                  2.9875                      -6.5763781
                    2.99                      -6.5610032
               2.9925001                      -6.5458438
               2.9949999                      -6.5308994
               2.9974999                      -6.5161672
                       3                      -6.5016436
               3.0025001                      -6.4873255
               3.0050001                      -6.4732097
               3.0074999                      -6.4592929
                    3.01                      -6.4455726
                  3.0125                      -6.4320437
               3.0150001                      -6.4187045
               3.0174999                      -6.4055503
                    3.02                      -6.3925769
                  3.0225                      -6.3797808
               3.0250001                      -6.3671597
               3.0274999                      -6.3547085
                    3.03                      -6.3424219
                  3.0325                      -6.3302983
               3.0350001                       -6.318332
               3.0374999                      -6.3065191
                    3.04                      -6.2948567
                  3.0425                      -6.2833376
               3.0450001                      -6.2719593
               3.0474999                      -6.2607181
                    3.05                      -6.2496075
                  3.0525                      -6.2386251
               3.0550001                      -6.2277651
               3.0574999                      -6.2170231
               3.0599999                       -6.206395
                  3.0625                       -6.195876
               3.0650001                      -6.1854621
               3.0675001                      -6.1751462
               3.0699999                      -6.1649265
                  3.0725                      -6.1547971
                   3.075                      -6.1447544
               3.0775001                       -6.134791
               3.0799999                      -6.1249061
                  3.0825                      -6.1150924
                   3.085                      -6.1053452
               3.0875001                      -6.0956617
               3.0899999                      -6.0860362
                  3.0925                      -6.0764644
                   3.095                      -6.0669423
               3.0975001                      -6.0574653
               3.0999999                      -6.0480287
                  3.1025                      -6.0386278
                   3.105                      -6.0292598
               3.1075001                      -6.0199195
               3.1099999                      -6.0106047
                  3.1125                      -6.0013078
                   3.115                      -5.9920279
               3.1175001                      -5.9827597
               3.1199999                      -5.9734986
               3.1224999                      -5.9642457
                   3.125                      -5.9549929
               3.1275001                      -5.9457392
               3.1300001                      -5.9364797
               3.1324999                      -5.9272112
                   3.135                      -5.9179325
                  3.1375                      -5.9086395
               3.1400001                      -5.8993307
               3.1424999                      -5.8900015
                   3.145                      -5.8806509
                  3.1475                       -5.871277
               3.1500001                      -5.8618762
               3.1524999                      -5.8524484
                   3.155                      -5.8429898
                  3.1575                      -5.8335004
               3.1600001                      -5.8239777
               3.1624999                      -5.8144218
                   3.165                      -5.8048294
                  3.1675                      -5.7952018
               3.1700001                      -5.7855369
               3.1724999                      -5.7758342
                   3.175                      -5.7660938
                  3.1775                      -5.7563151
               3.1800001                      -5.7464987
               3.1824999                      -5.7366439
               3.1849999                      -5.7267516
                  3.1875                      -5.7168206
               3.1900001                       -5.706855
               3.1925001                      -5.6968525
               3.1949999                      -5.6868167
                  3.1975                      -5.6767465
                     3.2                      -5.6666443
               3.2025001                       -5.656512
               3.2049999                      -5.6463492
                  3.2075                      -5.6361624
                    3.21                      -5.6259498
               3.2125001                      -5.6157133
               3.2149999                      -5.6054573
                  3.2175                      -5.5951857
                    3.22                      -5.5848966
               3.2225001                      -5.5745965
               3.2249999                      -5.5642871
                  3.2275                      -5.5539721
                    3.23                       -5.543656
               3.2325001                      -5.5333386
               3.2349999                      -5.5230264
                  3.2375                      -5.5127209
                    3.24                      -5.5024279
               3.2425001                      -5.4921501
               3.2449999                      -5.4818925
               3.2474999                      -5.4716575
                    3.25                        -5.46145
               3.2525001                      -5.4512746
               3.2550001                      -5.4411355
               3.2574999                      -5.4310374
                    3.26                       -5.420983
                  3.2625                      -5.4109782
               3.2650001                      -5.4010272
               3.2674999                      -5.3911348
                    3.27                      -5.3813057
                  3.2725                      -5.3715444
               3.2750001                      -5.3618557
               3.2774999                      -5.3522419
                    3.28                      -5.3427125
                  3.2825                      -5.3332664
               3.2850001                      -5.3239125
               3.2874999                      -5.3146543
                    3.29                      -5.3054963
                  3.2925                      -5.2964423
               3.2950001                      -5.2874974
               3.2974999                      -5.2786656
                     3.3                      -5.2699527
                  3.3025                       -5.261362
               3.3050001                      -5.2528979
               3.3074999                      -5.2445641
               3.3099999                      -5.2363661
                  3.3125                      -5.2283063
               3.3150001                        -5.22039
               3.3175001                      -5.2126223
               3.3199999                      -5.2050033
                  3.3225                      -5.1975392
                   3.325                      -5.1902339
               3.3275001                       -5.183088
               3.3299999                      -5.1761073
                  3.3325                      -5.1692944
                   3.335                      -5.1626505
               3.3375001                      -5.1561826
               3.3399999                      -5.1498887
                  3.3425                      -5.1437743
                   3.345                      -5.1378409
               3.3475001                      -5.1320901
               3.3499999                      -5.1265236
                  3.3525                      -5.1211448
                   3.355                      -5.1159533
               3.3575001                      -5.1109534
               3.3599999                      -5.1061442
                  3.3625                       -5.101527
                   3.365                       -5.097103
               3.3675001                       -5.092872
               3.3699999                      -5.0888341
               3.3724999                      -5.0849928
                   3.375                      -5.0813427
               3.3775001                       -5.077889
               3.3800001                      -5.0746272
               3.3824999                      -5.0715587
                   3.385                      -5.0686818
                  3.3875                      -5.0659956
               3.3900001                      -5.0634993
               3.3924999                        -5.06119
                   3.395                      -5.0590662
                  3.3975                      -5.0571259
               3.4000001                      -5.0553676
               3.4024999                      -5.0537867
                   3.405                      -5.0523822
                  3.4075                      -5.0511506
               3.4100001                      -5.0500888
               3.4124999                      -5.0491929
                   3.415                      -5.0484571
                  3.4175                      -5.0478802
               3.4200001                      -5.0474576
               3.4224999                      -5.0471848
                   3.425                      -5.0470537
                  3.4275                      -5.0470643
               3.4300001                       -5.047208
               3.4324999                      -5.0474804
               3.4349999                      -5.0478763
                  3.4375                      -5.0483887
               3.4400001                      -5.0490132
               3.4425001                      -5.0497411
               3.4449999                      -5.0505681
                  3.4475                      -5.0514854
                    3.45                      -5.0524881
               3.4525001                      -5.0535687
               3.4549999                      -5.0547189
                  3.4575                      -5.0559323
                    3.46                      -5.0572001
               3.4625001                      -5.0585154
               3.4649999                      -5.0598705
                  3.4675                       -5.061257
                    3.47                      -5.0626674
               3.4725001                      -5.0640936
               3.4749999                      -5.0655265
                  3.4775                      -5.0669563
                    3.48                      -5.0683768
               3.4825001                      -5.0697794
               3.4849999                      -5.0711554
                  3.4875                      -5.0724952
                    3.49                      -5.0737894
               3.4925001                      -5.0750312
               3.4949999                      -5.0762112
               3.4974999                      -5.0773211
                     3.5                      -5.0783524

