        Frequency / GHz                S1,1/abs,dB
----------------------------------------------------------------------
                       1                     -0.13913719
               1.0025001                     -0.14041394
                   1.005                     -0.14149644
               1.0075001                     -0.14238437
                    1.01                     -0.14308044
                  1.0125                      -0.1435864
                   1.015                     -0.14390534
                  1.0175                     -0.14403905
                    1.02                     -0.14398908
                  1.0225                     -0.14376248
                   1.025                     -0.14335985
                  1.0275                     -0.14278611
                    1.03                      -0.1420445
                  1.0325                     -0.14114031
                   1.035                     -0.14007809
                  1.0375                     -0.13886142
                    1.04                     -0.13749709
                  1.0425                     -0.13598966
                   1.045                     -0.13434161
                  1.0475                     -0.13256337
                    1.05                     -0.13065757
                  1.0525                     -0.12863154
               1.0549999                     -0.12648927
                  1.0575                     -0.12423749
               1.0599999                     -0.12188363
                  1.0625                     -0.11943307
               1.0650001                     -0.11689152
                  1.0675                     -0.11426583
               1.0700001                     -0.11156332
                  1.0725                     -0.10878935
                   1.075                     -0.10595104
                  1.0775                     -0.10305321
                    1.08                      -0.1001049
                  1.0825                    -0.097110137
                   1.085                    -0.094076572
                  1.0875                    -0.091011313
                    1.09                    -0.087919273
                  1.0925                    -0.084807076
                   1.095                    -0.081681246
                  1.0975                     -0.07854691
                     1.1                    -0.075411899
                  1.1025                    -0.072280359
                   1.105                    -0.069160054
                  1.1075                    -0.066054653
                    1.11                    -0.062970875
                  1.1125                    -0.059912934
                   1.115                    -0.056888106
               1.1174999                    -0.053900534
                    1.12                    -0.050955073
               1.1224999                    -0.048056474
                   1.125                    -0.045210136
               1.1275001                    -0.042420333
                    1.13                    -0.039691506
               1.1325001                    -0.037027836
                   1.135                    -0.034432814
                  1.1375                    -0.031910931
                    1.14                    -0.029466409
                  1.1425                     -0.02710068
                   1.145                    -0.024819639
                  1.1475                    -0.022624356
                    1.15                    -0.020519265
                  1.1525                     -0.01850543
                   1.155                    -0.016587364
                  1.1575                    -0.014766032
                    1.16                     -0.01304346
                  1.1625                    -0.011422495
                   1.165                    -0.009904824
                  1.1675                   -0.0084908614
                    1.17                   -0.0071838339
                  1.1725                   -0.0059829739
                   1.175                   -0.0048910706
                  1.1775                   -0.0039079531
               1.1799999                   -0.0030336577
                  1.1825                   -0.0022708162
               1.1849999                   -0.0016159006
                  1.1875                    -0.001073993
               1.1900001                  -0.00064014829
                  1.1925                  -0.00031789208
               1.1950001                  -0.00010506475
                  1.1975                  -3.9750739e-07
                     1.2                  -3.2081184e-06
                  1.2025                  -0.00011508101
                   1.205                  -0.00033152273
                  1.2075                  -0.00065329118
                    1.21                    -0.001078283
                  1.2125                   -0.0016046075
                   1.215                   -0.0022329863
                  1.2175                   -0.0029588433
                    1.22                   -0.0037813755
                  1.2225                   -0.0046967118
                   1.225                   -0.0057058927
                  1.2275                   -0.0068033742
                    1.23                   -0.0079890687
                  1.2325                   -0.0092600524
                   1.235                    -0.010612042
                  1.2375                    -0.012044007
                    1.24                    -0.013552757
               1.2424999                    -0.015134645
                   1.245                    -0.016787743
               1.2474999                    -0.018507314
                    1.25                    -0.020291034
               1.2525001                    -0.022136897
                   1.255                    -0.024040844
               1.2575001                    -0.025998614
                    1.26                    -0.028006951
                  1.2625                    -0.030063257
                   1.265                    -0.032164414
                  1.2675                    -0.034306569
                    1.27                    -0.036485636
                  1.2725                    -0.038698314
                   1.275                    -0.040940912
                  1.2775                    -0.043210103
                    1.28                    -0.045502361
                  1.2825                    -0.047815129
                   1.285                    -0.050142755
                  1.2875                    -0.052483161
                    1.29                    -0.054832144
                  1.2925                    -0.057187546
                   1.295                    -0.059543789
                  1.2975                     -0.06189986
                     1.3                    -0.064251579
                  1.3025                    -0.066592804
               1.3049999                    -0.068925749
                  1.3075                    -0.071242674
               1.3099999                    -0.073541496
                  1.3125                    -0.075821658
               1.3150001                    -0.078076037
                  1.3175                    -0.080305393
               1.3200001                    -0.082505863
                  1.3225                    -0.084673451
                   1.325                    -0.086805074
                  1.3275                    -0.088900223
                    1.33                    -0.090956345
                  1.3325                    -0.092969404
                   1.335                    -0.094938776
                  1.3375                    -0.096861701
                    1.34                    -0.098734171
                  1.3425                     -0.10055847
                   1.345                     -0.10232872
                  1.3475                     -0.10404546
                    1.35                     -0.10570851
                  1.3525                     -0.10731037
                   1.355                     -0.10885597
                  1.3575                     -0.11034242
                    1.36                     -0.11176665
                  1.3625                     -0.11313132
                   1.365                     -0.11443264
               1.3674999                     -0.11566878
                    1.37                     -0.11684285
               1.3724999                     -0.11795082
                   1.375                     -0.11899501
               1.3775001                     -0.11997423
                    1.38                     -0.12088844
               1.3825001                     -0.12173728
                   1.385                     -0.12252183
                  1.3875                     -0.12324127
                    1.39                     -0.12389748
                  1.3925                     -0.12448982
                   1.395                     -0.12501881
                  1.3975                     -0.12548493
                     1.4                     -0.12589041
                  1.4025                     -0.12623486
                   1.405                     -0.12651879
                  1.4075                     -0.12674629
                    1.41                     -0.12691776
                  1.4125                     -0.12703109
                   1.415                     -0.12709311
                  1.4175                     -0.12710094
                    1.42                     -0.12705749
                  1.4225                     -0.12696623
                   1.425                     -0.12682714
                  1.4275                     -0.12664395
               1.4299999                     -0.12641582
                  1.4325                     -0.12614814
               1.4349999                     -0.12583977
                  1.4375                     -0.12549502
               1.4400001                     -0.12511555
                  1.4425                     -0.12470538
               1.4450001                      -0.1242634
                  1.4475                     -0.12379332
                    1.45                     -0.12329946
                  1.4525                     -0.12278337
                   1.455                     -0.12224536
                  1.4575                     -0.12169199
                    1.46                     -0.12112163
                  1.4625                     -0.12054091
                   1.465                     -0.11994913
                  1.4675                     -0.11934989
                    1.47                     -0.11874655
                  1.4725                      -0.1181409
                   1.475                     -0.11753759
                  1.4775                     -0.11693714
                    1.48                     -0.11634071
                  1.4825                     -0.11575518
                   1.485                     -0.11518065
                  1.4875                     -0.11462115
                    1.49                     -0.11407649
               1.4924999                     -0.11355267
                   1.495                     -0.11304907
               1.4974999                      -0.1125702
                     1.5                     -0.11211768
               1.5025001                     -0.11169455
                   1.505                     -0.11130132
               1.5075001                      -0.1109448
                    1.51                     -0.11062287
                  1.5125                     -0.11033915
                   1.515                     -0.11009517
                  1.5175                     -0.10989456
                    1.52                     -0.10973986
                  1.5225                     -0.10963052
                   1.525                     -0.10956981
                  1.5275                     -0.10956094
                    1.53                     -0.10960404
                  1.5325                     -0.10970233
                   1.535                      -0.1098566
                  1.5375                     -0.11006637
                    1.54                     -0.11033888
                  1.5425                     -0.11066873
                   1.545                     -0.11106321
                  1.5475                     -0.11151967
                    1.55                     -0.11204113
                  1.5525                     -0.11262928
               1.5549999                     -0.11328542
                  1.5575                     -0.11400864
               1.5599999                     -0.11480014
                  1.5625                     -0.11566445
               1.5650001                     -0.11659818
                  1.5675                     -0.11760318
               1.5700001                     -0.11868085
                  1.5725                     -0.11983056
                   1.575                     -0.12105361
                  1.5775                     -0.12235197
                    1.58                     -0.12372409
                  1.5825                     -0.12517048
                   1.585                     -0.12669255
                  1.5875                     -0.12828741
                    1.59                     -0.12995779
                  1.5925                     -0.13170324
                   1.595                     -0.13352478
                  1.5975                       -0.135419
                     1.6                     -0.13738869
                  1.6025                     -0.13943373
                   1.605                     -0.14155017
                  1.6075                     -0.14374219
                    1.61                     -0.14600548
                  1.6125                     -0.14834092
                   1.615                     -0.15074893
               1.6174999                     -0.15322847
                    1.62                      -0.1557768
               1.6224999                     -0.15839531
                   1.625                     -0.16108333
               1.6275001                     -0.16383879
                    1.63                      -0.1666631
               1.6325001                     -0.16955189
                   1.635                     -0.17250478
                  1.6375                     -0.17552356
                    1.64                     -0.17860453
                  1.6425                     -0.18174779
                   1.645                     -0.18495217
                  1.6475                     -0.18821504
                    1.65                     -0.19153859
                  1.6525                     -0.19491824
                   1.655                     -0.19835363
                  1.6575                     -0.20184431
                    1.66                      -0.2053881
                  1.6625                     -0.20898449
                   1.665                     -0.21263213
                  1.6675                     -0.21633041
                    1.67                      -0.2200772
                  1.6725                     -0.22387119
                   1.675                     -0.22771022
                  1.6775                     -0.23159609
               1.6799999                     -0.23552394
                  1.6825                     -0.23949552
               1.6849999                     -0.24350859
                  1.6875                     -0.24755998
               1.6900001                     -0.25165196
                  1.6925                     -0.25578063
               1.6950001                     -0.25994747
                  1.6975                     -0.26414858
                     1.7                      -0.2683853
                  1.7025                     -0.27265633
                   1.705                     -0.27695902
                  1.7075                     -0.28129528
                    1.71                     -0.28566057
                  1.7125                     -0.29005696
                   1.715                     -0.29448412
                  1.7175                     -0.29893808
                    1.72                     -0.30342179
                  1.7225                     -0.30793314
                   1.725                     -0.31247039
                  1.7275                     -0.31703652
                    1.73                      -0.3216272
                  1.7325                     -0.32624536
                   1.735                      -0.3308896
                  1.7375                     -0.33555972
                    1.74                     -0.34025492
               1.7424999                     -0.34497716
                   1.745                     -0.34972488
               1.7474999                     -0.35449921
                    1.75                     -0.35929991
               1.7525001                     -0.36412721
                   1.755                     -0.36898255
               1.7575001                     -0.37386443
                    1.76                     -0.37877713
                  1.7625                     -0.38371749
                   1.765                     -0.38868954
                  1.7675                     -0.39369068
                    1.77                     -0.39872641
                  1.7725                     -0.40379409
                   1.775                     -0.40889725
                  1.7775                      -0.4140357
                    1.78                     -0.41921144
                  1.7825                     -0.42442701
                   1.785                     -0.42968205
                  1.7875                     -0.43497941
                    1.79                     -0.44032107
                  1.7925                     -0.44570929
                   1.795                     -0.45114655
                  1.7975                      -0.4566327
                     1.8                     -0.46217131
                  1.8025                     -0.46776428
               1.8049999                     -0.47341621
                  1.8075                     -0.47912677
               1.8099999                     -0.48490047
                  1.8125                     -0.49073901
               1.8150001                     -0.49664481
                  1.8175                     -0.50262239
               1.8200001                     -0.50867384
                  1.8225                     -0.51480291
                   1.825                     -0.52101124
                  1.8275                     -0.52730395
                    1.83                     -0.53368354
                  1.8325                     -0.54015288
                   1.835                     -0.54671718
                  1.8375                     -0.55337846
                    1.84                     -0.56014105
                  1.8425                      -0.5670096
                   1.845                     -0.57398665
                  1.8475                     -0.58107658
                    1.85                     -0.58828459
                  1.8525                     -0.59561324
                   1.855                     -0.60306675
                  1.8575                      -0.6106503
                    1.86                      -0.6183687
                  1.8625                     -0.62622463
                   1.865                     -0.63422384
               1.8674999                      -0.6423697
                    1.87                     -0.65066885
               1.8724999                     -0.65912461
                   1.875                     -0.66774031
               1.8775001                     -0.67652402
                    1.88                     -0.68547813
               1.8825001                     -0.69460774
                   1.885                     -0.70391789
                  1.8875                     -0.71341522
                    1.89                     -0.72310114
                  1.8925                     -0.73298585
                   1.895                     -0.74306922
                  1.8975                      -0.7533584
                     1.9                     -0.76386062
                  1.9025                     -0.77457869
                   1.905                     -0.78551981
                  1.9075                     -0.79668547
                    1.91                     -0.80808548
                  1.9125                     -0.81972246
                   1.915                     -0.83160505
                  1.9175                     -0.84373328
                    1.92                      -0.8561174
                  1.9225                     -0.86876063
                   1.925                     -0.88166828
                  1.9275                     -0.89484714
               1.9299999                     -0.90830255
                  1.9325                     -0.92203917
               1.9349999                     -0.93606311
                  1.9375                     -0.95037948
               1.9400001                     -0.96499555
                  1.9425                     -0.97991417
               1.9450001                     -0.99514388
                  1.9475                      -1.0106897
                    1.95                      -1.0265541
                  1.9525                       -1.042747
                   1.955                      -1.0592721
                  1.9575                      -1.0761364
                    1.96                       -1.093343
                  1.9625                      -1.1108992
                   1.965                      -1.1288134
                  1.9675                      -1.1470867
                    1.97                      -1.1657253
                  1.9725                      -1.1847377
                   1.975                      -1.2041298
                  1.9775                      -1.2239051
                    1.98                      -1.2440709
                  1.9825                      -1.2646315
                   1.985                      -1.2855955
                  1.9875                      -1.3069645
                    1.99                      -1.3287486
               1.9924999                      -1.3509496
                   1.995                      -1.3735759
               1.9974999                      -1.3966342
                       2                      -1.4201285
               2.0025001                      -1.4440645
               2.0050001                      -1.4684489
               2.0074999                      -1.4932889
                    2.01                      -1.5185878
                  2.0125                      -1.5443516
               2.0150001                      -1.5705883
               2.0174999                      -1.5973008
                    2.02                      -1.6244993
                  2.0225                      -1.6521859
               2.0250001                      -1.6803684
               2.0274999                      -1.7090524
                    2.03                      -1.7382447
                  2.0325                       -1.767949
               2.0350001                       -1.798175
               2.0374999                      -1.8289255
                    2.04                      -1.8602077
                  2.0425                      -1.8920278
               2.0450001                      -1.9243913
               2.0474999                      -1.9573058
                    2.05                      -1.9907763
                  2.0525                      -2.0248093
               2.0550001                      -2.0594118
               2.0574999                      -2.0945881
               2.0599999                      -2.1303462
                  2.0625                      -2.1666914
               2.0650001                      -2.2036325
               2.0675001                      -2.2411717
               2.0699999                      -2.2793193
                  2.0725                       -2.318082
                   2.075                      -2.3574632
               2.0775001                       -2.397472
               2.0799999                      -2.4381132
                  2.0825                      -2.4793965
                   2.085                      -2.5213255
               2.0875001                      -2.5639086
               2.0899999                      -2.6071529
                  2.0925                      -2.6510644
                   2.095                      -2.6956511
               2.0975001                      -2.7409209
               2.0999999                      -2.7868786
                  2.1025                      -2.8335333
                   2.105                      -2.8808922
               2.1075001                      -2.9289621
               2.1099999                      -2.9777507
                  2.1125                      -3.0272661
                   2.115                      -3.0775162
               2.1175001                      -3.1285075
               2.1199999                      -3.1802493
               2.1224999                      -3.2327505
                   2.125                      -3.2860155
               2.1275001                      -3.3400563
               2.1300001                      -3.3948808
               2.1324999                      -3.4504953
                   2.135                      -3.5069107
                  2.1375                      -3.5641368
               2.1400001                      -3.6221795
               2.1424999                      -3.6810477
                   2.145                      -3.7407534
                  2.1475                      -3.8013051
               2.1500001                      -3.8627122
               2.1524999                      -3.9249828
                   2.155                      -3.9881293
                  2.1575                      -4.0521588
               2.1600001                      -4.1170859
               2.1624999                      -4.1829183
                   2.165                      -4.2496656
                  2.1675                      -4.3173424
               2.1700001                      -4.3859557
               2.1724999                      -4.4555198
                   2.175                      -4.5260442
                  2.1775                       -4.597544
               2.1800001                      -4.6700268
               2.1824999                      -4.7435075
               2.1849999                      -4.8179987
                  2.1875                       -4.893514
               2.1900001                      -4.9700646
               2.1925001                      -5.0476655
               2.1949999                      -5.1263291
                  2.1975                      -5.2060727
                     2.2                      -5.2869062
               2.2025001                      -5.3688473
               2.2049999                      -5.4519126
                  2.2075                      -5.5361156
                    2.21                       -5.621472
               2.2125001                       -5.707999
               2.2149999                      -5.7957134
                  2.2175                      -5.8846329
                    2.22                      -5.9747743
               2.2225001                      -6.0661571
               2.2249999                      -6.1587989
                  2.2275                      -6.2527207
                    2.23                      -6.3479394
               2.2325001                      -6.4444776
               2.2349999                      -6.5423562
                  2.2375                      -6.6415968
                    2.24                      -6.7422201
               2.2425001                      -6.8442492
               2.2449999                      -6.9477095
               2.2474999                      -7.0526244
                    2.25                      -7.1590182
               2.2525001                      -7.2669182
               2.2550001                      -7.3763499
               2.2574999                      -7.4873404
                    2.26                      -7.5999189
                  2.2625                      -7.7141147
               2.2650001                      -7.8299578
               2.2674999                      -7.9474777
                    2.27                      -8.0667102
                  2.2725                      -8.1876857
               2.2750001                      -8.3104396
               2.2774999                      -8.4350067
                    2.28                      -8.5614276
                  2.2825                      -8.6897361
               2.2850001                      -8.8199739
               2.2874999                      -8.9521804
                    2.29                      -9.0863988
                  2.2925                      -9.2226733
               2.2950001                      -9.3610501
               2.2974999                      -9.5015744
                     2.3                      -9.6442956
                  2.3025                      -9.7892667
               2.3050001                      -9.9365378
               2.3074999                      -10.086165
               2.3099999                      -10.238203
                  2.3125                      -10.392712
               2.3150001                      -10.549753
               2.3175001                       -10.70939
               2.3199999                      -10.871688
                  2.3225                      -11.036712
                   2.325                      -11.204539
               2.3275001                      -11.375238
               2.3299999                      -11.548888
                  2.3325                      -11.725564
                   2.335                      -11.905352
               2.3375001                      -12.088336
               2.3399999                      -12.274603
                  2.3425                      -12.464246
                   2.345                      -12.657358
               2.3475001                      -12.854036
               2.3499999                      -13.054381
                  2.3525                      -13.258496
                   2.355                      -13.466487
               2.3575001                      -13.678465
               2.3599999                       -13.89454
                  2.3625                      -14.114823
                   2.365                      -14.339433
               2.3675001                      -14.568485
               2.3699999                      -14.802093
               2.3724999                      -15.040374
                   2.375                      -15.283441
               2.3775001                      -15.531401
               2.3800001                      -15.784356
               2.3824999                      -16.042405
                   2.385                      -16.305629
                  2.3875                      -16.574092
               2.3900001                      -16.847846
               2.3924999                      -17.126907
                   2.395                      -17.411265
                  2.3975                      -17.700864
               2.4000001                      -17.995597
               2.4024999                      -18.295286
                   2.405                      -18.599683
                  2.4075                      -18.908429
               2.4100001                      -19.221051
               2.4124999                      -19.536928
                   2.415                      -19.855264
                  2.4175                      -20.175055
               2.4200001                      -20.495058
               2.4224999                      -20.813742
                   2.425                      -21.129265
                  2.4275                      -21.439436
               2.4300001                      -21.741685
               2.4324999                      -22.033064
               2.4349999                       -22.31025
                  2.4375                      -22.569608
               2.4400001                      -22.807266
               2.4425001                       -23.01926
               2.4449999                      -23.201716
                  2.4475                      -23.351069
                    2.45                      -23.464302
               2.4525001                      -23.539183
               2.4549999                       -23.57444
                  2.4575                       -23.56988
                    2.46                      -23.526406
               2.4625001                       -23.44593
               2.4649999                      -23.331221
                  2.4675                      -23.185674
                    2.47                      -23.013079
               2.4725001                      -22.817387
               2.4749999                      -22.602513
                  2.4775                      -22.372182
                    2.48                      -22.129826
               2.4825001                      -21.878522
               2.4849999                      -21.620964
                  2.4875                      -21.359467
                    2.49                      -21.095986
               2.4925001                      -20.832147
               2.4949999                      -20.569284
               2.4974999                      -20.308475
                     2.5                      -20.050578
               2.5025001                      -19.796268
               2.5050001                      -19.546056
               2.5074999                      -19.300337
                    2.51                      -19.059386
                  2.5125                      -18.823403
               2.5150001                      -18.592508
               2.5174999                      -18.366769
                    2.52                      -18.146205
                  2.5225                      -17.930805
               2.5250001                      -17.720523
               2.5274999                      -17.515292
                    2.53                      -17.315029
                  2.5325                      -17.119639
               2.5350001                      -16.929014
               2.5374999                      -16.743045
                    2.54                      -16.561612
                  2.5425                      -16.384595
               2.5450001                      -16.211873
               2.5474999                      -16.043327
                    2.55                      -15.878834
                  2.5525                      -15.718275
               2.5550001                      -15.561531
               2.5574999                      -15.408489
               2.5599999                      -15.259035
                  2.5625                      -15.113059
               2.5650001                      -14.970453
               2.5675001                      -14.831116
               2.5699999                      -14.694946
                  2.5725                      -14.561845
                   2.575                      -14.431717
               2.5775001                       -14.30447
               2.5799999                      -14.180019
                  2.5825                      -14.058277
                   2.585                       -13.93916
               2.5875001                       -13.82259
               2.5899999                      -13.708488
                  2.5925                      -13.596779
                   2.595                      -13.487394
               2.5975001                      -13.380261
               2.5999999                      -13.275314
                  2.6025                       -13.17249
                   2.605                      -13.071721
               2.6075001                       -12.97295
               2.6099999                       -12.87612
                  2.6125                       -12.78117
                   2.615                      -12.688047
               2.6175001                      -12.596699
               2.6199999                      -12.507077
               2.6224999                      -12.419127
                   2.625                      -12.332804
               2.6275001                       -12.24806
               2.6300001                      -12.164852
               2.6324999                      -12.083133
                   2.635                      -12.002866
                  2.6375                      -11.924007
               2.6400001                      -11.846514
               2.6424999                      -11.770353
                   2.645                      -11.695489
                  2.6475                      -11.621879
               2.6500001                      -11.549492
               2.6524999                      -11.478295
                   2.655                      -11.408254
                  2.6575                      -11.339337
               2.6600001                      -11.271513
               2.6624999                      -11.204752
                   2.665                      -11.139025
                  2.6675                      -11.074306
               2.6700001                      -11.010565
               2.6724999                      -10.947775
                   2.675                      -10.885912
                  2.6775                       -10.82495
               2.6800001                      -10.764866
               2.6824999                      -10.705636
               2.6849999                      -10.647235
                  2.6875                      -10.589645
               2.6900001                      -10.532841
               2.6925001                      -10.476804
               2.6949999                      -10.421512
                  2.6975                      -10.366948
                     2.7                       -10.31309
               2.7025001                      -10.259921
               2.7049999                      -10.207424
                  2.7075                      -10.155581
                    2.71                      -10.104374
               2.7125001                      -10.053789
               2.7149999                      -10.003809
                  2.7175                      -9.9544202
                    2.72                      -9.9056062
               2.7225001                      -9.8573523
               2.7249999                      -9.8096461
                  2.7275                      -9.7624745
                    2.73                      -9.7158247
               2.7325001                      -9.6696818
               2.7349999                      -9.6240374
                  2.7375                      -9.5788783
                    2.74                      -9.5341924
               2.7425001                      -9.4899712
               2.7449999                      -9.4462034
               2.7474999                      -9.4028782
                    2.75                      -9.3599871
               2.7525001                      -9.3175202
               2.7550001                       -9.275469
               2.7574999                       -9.233825
                    2.76                      -9.1925803
                  2.7625                      -9.1517278
               2.7650001                      -9.1112574
               2.7674999                      -9.0711655
                    2.77                      -9.0314435
                  2.7725                      -8.9920841
               2.7750001                      -8.9530825
               2.7774999                      -8.9144329
                    2.78                      -8.8761273
                  2.7825                      -8.8381632
               2.7850001                      -8.8005348
               2.7874999                      -8.7632363
                    2.79                      -8.7262632
                  2.7925                      -8.6896121
               2.7950001                      -8.6532779
               2.7974999                      -8.6172577
                     2.8                      -8.5815475
                  2.8025                      -8.5461428
               2.8050001                      -8.5110418
               2.8074999                      -8.4762407
               2.8099999                      -8.4417379
                  2.8125                      -8.4075286
               2.8150001                      -8.3736114
               2.8175001                      -8.3399848
               2.8199999                      -8.3066458
                  2.8225                      -8.2735929
                   2.825                      -8.2408227
               2.8275001                      -8.2083359
               2.8299999                      -8.1761283
                  2.8325                      -8.1442008
                   2.835                      -8.1125512
               2.8375001                      -8.0811777
               2.8399999                      -8.0500803
                  2.8425                      -8.0192569
                   2.845                      -7.9887082
               2.8475001                       -7.958432
               2.8499999                       -7.928427
                  2.8525                      -7.8986945
                   2.855                      -7.8692329
               2.8575001                      -7.8400403
               2.8599999                      -7.8111194
                  2.8625                      -7.7824679
                   2.865                      -7.7540844
               2.8675001                      -7.7259701
               2.8699999                      -7.6981243
               2.8724999                      -7.6705463
                   2.875                      -7.6432371
               2.8775001                      -7.6161952
               2.8800001                      -7.5894209
               2.8824999                      -7.5629137
                   2.885                      -7.5366742
                  2.8875                      -7.5107021
               2.8900001                      -7.4849956
               2.8924999                      -7.4595565
                   2.895                      -7.4343837
                  2.8975                      -7.4094763
               2.9000001                      -7.3848353
               2.9024999                      -7.3604588
                   2.905                      -7.3363481
                  2.9075                      -7.3125025
               2.9100001                      -7.2889213
               2.9124999                      -7.2656033
                   2.915                      -7.2425494
                  2.9175                      -7.2197581
               2.9200001                       -7.197229
               2.9224999                      -7.1749616
                   2.925                      -7.1529543
                  2.9275                      -7.1312068
               2.9300001                      -7.1097202
               2.9324999                      -7.0884907
               2.9349999                      -7.0675188
                  2.9375                       -7.046803
               2.9400001                      -7.0263426
               2.9425001                      -7.0061358
               2.9449999                      -6.9861827
                  2.9475                      -6.9664796
                    2.95                      -6.9470262
               2.9525001                      -6.9278223
               2.9549999                      -6.9088641
                  2.9575                       -6.890151
                    2.96                       -6.871682
               2.9625001                      -6.8534539
               2.9649999                      -6.8354637
                  2.9675                      -6.8177133
                    2.97                      -6.8001975
               2.9725001                      -6.7829138
               2.9749999                      -6.7658605
                  2.9775                      -6.7490372
                    2.98                      -6.7324377
               2.9825001                       -6.716063
               2.9849999                      -6.6999084
                  2.9875                      -6.6839707
                    2.99                      -6.6682484
               2.9925001                      -6.6527388
               2.9949999                      -6.6374372
               2.9974999                      -6.6223419
                       3                      -6.6074489
               3.0025001                      -6.5927555
               3.0050001                      -6.5782583
               3.0074999                      -6.5639529
                    3.01                      -6.5498374
                  3.0125                      -6.5359073
               3.0150001                      -6.5221578
               3.0174999                      -6.5085872
                    3.02                      -6.4951911
                  3.0225                      -6.4819653
               3.0250001                       -6.468905
               3.0274999                      -6.4560072
                    3.03                      -6.4432681
                  3.0325                      -6.4306837
               3.0350001                      -6.4182485
               3.0374999                        -6.40596
                    3.04                      -6.3938122
                  3.0425                      -6.3818006
               3.0450001                      -6.3699237
               3.0474999                      -6.3581746
                    3.05                      -6.3465497
                  3.0525                      -6.3350435
               3.0550001                      -6.3236539
               3.0574999                      -6.3123729
               3.0599999                         -6.3012
                  3.0625                      -6.2901263
               3.0650001                      -6.2791526
               3.0675001                      -6.2682699
               3.0699999                      -6.2574756
                  3.0725                      -6.2467639
                   3.075                      -6.2361309
               3.0775001                      -6.2255737
               3.0799999                      -6.2150868
                  3.0825                      -6.2046656
                   3.085                      -6.1943054
               3.0875001                      -6.1840013
               3.0899999                      -6.1737516
                  3.0925                      -6.1635488
                   3.095                      -6.1533905
               3.0975001                      -6.1432737
               3.0999999                      -6.1331925
                  3.1025                      -6.1231419
                   3.105                      -6.1131206
               3.1075001                      -6.1031228
               3.1099999                      -6.0931467
                  3.1125                      -6.0831876
                   3.115                      -6.0732416
               3.1175001                      -6.0633057
               3.1199999                      -6.0533769
               3.1224999                      -6.0434515
                   3.125                      -6.0335247
               3.1275001                      -6.0235973
               3.1300001                      -6.0136629
               3.1324999                      -6.0037205
                   3.135                       -5.993768
                  3.1375                       -5.983802
               3.1400001                        -5.97382
               3.1424999                        -5.96382
                   3.145                      -5.9538012
                  3.1475                      -5.9437606
               3.1500001                       -5.933697
               3.1524999                      -5.9236065
                   3.155                      -5.9134904
                  3.1575                      -5.9033475
               3.1600001                      -5.8931764
               3.1624999                      -5.8829756
                   3.165                      -5.8727437
                  3.1675                      -5.8624821
               3.1700001                      -5.8521875
               3.1724999                      -5.8418645
                   3.175                      -5.8315092
                  3.1775                      -5.8211217
               3.1800001                      -5.8107035
               3.1824999                      -5.8002551
               3.1849999                      -5.7897761
                  3.1875                      -5.7792684
               3.1900001                      -5.7687334
               3.1925001                       -5.758171
               3.1949999                      -5.7475848
                  3.1975                      -5.7369722
                     3.2                      -5.7263373
               3.2025001                      -5.7156832
               3.2049999                      -5.7050105
                  3.2075                      -5.6943187
                    3.21                      -5.6836164
               3.2125001                      -5.6728993
               3.2149999                      -5.6621751
                  3.2175                       -5.651443
                    3.22                       -5.640708
               3.2225001                      -5.6299711
               3.2249999                      -5.6192374
                  3.2275                      -5.6085081
                    3.23                      -5.5977882
               3.2325001                      -5.5870808
               3.2349999                      -5.5763905
                  3.2375                      -5.5657182
                    3.24                      -5.5550684
               3.2425001                      -5.5444466
               3.2449999                      -5.5338555
               3.2474999                      -5.5232989
                    3.25                      -5.5127805
               3.2525001                      -5.5023062
               3.2550001                      -5.4918792
               3.2574999                       -5.481502
                    3.26                      -5.4711823
                  3.2625                      -5.4609208
               3.2650001                      -5.4507256
               3.2674999                      -5.4405965
                    3.27                      -5.4305416
                  3.2725                      -5.4205642
               3.2750001                       -5.410667
               3.2774999                       -5.400858
                    3.28                      -5.3911374
                  3.2825                      -5.3815122
               3.2850001                      -5.3719869
               3.2874999                      -5.3625631
                    3.29                      -5.3532466
                  3.2925                      -5.3440436
               3.2950001                      -5.3349546
               3.2974999                      -5.3259863
                     3.3                      -5.3171415
                  3.3025                      -5.3084242
               3.3050001                      -5.2998404
               3.3074999                        -5.29139
               3.3099999                      -5.2830784
                  3.3125                      -5.2749097
               3.3150001                      -5.2668887
               3.3175001                      -5.2590172
               3.3199999                      -5.2512982
                  3.3225                       -5.243734
                   3.325                      -5.2363297
               3.3275001                      -5.2290864
               3.3299999                      -5.2220084
                  3.3325                      -5.2150973
                   3.335                      -5.2083554
               3.3375001                      -5.2017846
               3.3399999                      -5.1953901
                  3.3425                      -5.1891706
                   3.345                      -5.1831278
               3.3475001                       -5.177265
               3.3499999                      -5.1715828
                  3.3525                      -5.1660825
                   3.355                      -5.1607654
               3.3575001                      -5.1556322
               3.3599999                      -5.1506846
                  3.3625                      -5.1459204
                   3.365                      -5.1413428
               3.3675001                      -5.1369504
               3.3699999                      -5.1327431
               3.3724999                      -5.1287209
                   3.375                      -5.1248836
               3.3775001                      -5.1212291
               3.3800001                      -5.1177573
               3.3824999                      -5.1144681
                   3.385                      -5.1113583
                  3.3875                       -5.108426
               3.3900001                       -5.105672
               3.3924999                      -5.1030907
                   3.395                      -5.1006833
                  3.3975                      -5.0984439
               3.4000001                      -5.0963718
               3.4024999                       -5.094464
                   3.405                      -5.0927172
                  3.4075                      -5.0911249
               3.4100001                      -5.0896876
               3.4124999                      -5.0883983
                   3.415                      -5.0872575
                  3.4175                      -5.0862558
               3.4200001                      -5.0853909
               3.4224999                      -5.0846573
                   3.425                      -5.0840499
                  3.4275                       -5.083564
               3.4300001                       -5.083195
               3.4324999                       -5.082935
               3.4349999                      -5.0827814
                  3.4375                      -5.0827256
               3.4400001                      -5.0827621
               3.4425001                      -5.0828842
               3.4449999                      -5.0830859
                  3.4475                      -5.0833619
                    3.45                       -5.083702
               3.4525001                      -5.0841029
               3.4549999                       -5.084554
                  3.4575                      -5.0850503
                    3.46                      -5.0855839
               3.4625001                       -5.086147
               3.4649999                      -5.0867328
                  3.4675                      -5.0873327
                    3.47                      -5.0879372
               3.4725001                      -5.0885427
               3.4749999                      -5.0891391
                  3.4775                      -5.0897173
                    3.48                      -5.0902701
               3.4825001                      -5.0907905
               3.4849999                      -5.0912704
                  3.4875                      -5.0916994
                    3.49                      -5.0920713
               3.4925001                      -5.0923794
               3.4949999                      -5.0926139
               3.4974999                       -5.092768
                     3.5                      -5.0928323

