        Frequency / GHz                S1,1/abs,dB
----------------------------------------------------------------------
                       1                     -0.11929899
               1.0025001                      -0.1207274
                   1.005                     -0.12198535
               1.0075001                     -0.12307138
                    1.01                     -0.12398777
                  1.0125                     -0.12473537
                   1.015                      -0.1253174
                  1.0175                     -0.12573383
                    1.02                     -0.12598657
                  1.0225                     -0.12607935
                   1.025                      -0.1260131
                  1.0275                     -0.12579291
                    1.03                      -0.1254187
                  1.0325                     -0.12489584
                   1.035                     -0.12422918
                  1.0375                     -0.12342164
                    1.04                     -0.12247521
                  1.0425                     -0.12139596
                   1.045                      -0.1201861
                  1.0475                     -0.11885268
                    1.05                     -0.11739978
                  1.0525                     -0.11583243
               1.0549999                      -0.1141536
                  1.0575                     -0.11236988
               1.0599999                     -0.11048719
                  1.0625                     -0.10850893
               1.0650001                       -0.106441
                  1.0675                     -0.10428991
               1.0700001                     -0.10205921
                  1.0725                    -0.099755526
                   1.075                    -0.097386023
                  1.0775                    -0.094953755
                    1.08                    -0.092464939
                  1.0825                     -0.08992525
                   1.085                    -0.087341768
                  1.0875                    -0.084718426
                    1.09                    -0.082060719
                  1.0925                     -0.07937552
                   1.095                    -0.076667334
                  1.0975                    -0.073941312
                     1.1                    -0.071203237
                  1.1025                    -0.068459664
                   1.105                    -0.065715448
                  1.1075                    -0.062973417
                    1.11                    -0.060240503
                  1.1125                    -0.057522768
                   1.115                    -0.054822812
               1.1174999                    -0.052146721
                    1.12                     -0.04949941
               1.1224999                     -0.04688435
                   1.125                    -0.044306866
               1.1275001                    -0.041770099
                    1.13                    -0.039280082
               1.1325001                    -0.036838892
                   1.135                    -0.034452392
                  1.1375                    -0.032121619
                    1.14                    -0.029852506
                  1.1425                    -0.027648609
                   1.145                    -0.025511028
                  1.1475                    -0.023443957
                    1.15                    -0.021451744
                  1.1525                    -0.019534037
                   1.155                    -0.017696077
                  1.1575                    -0.015940166
                    1.16                    -0.014266784
                  1.1625                    -0.012679999
                   1.165                    -0.011180293
                  1.1675                   -0.0097700723
                    1.17                   -0.0084510819
                  1.1725                   -0.0072239053
                   1.175                   -0.0060908614
                  1.1775                   -0.0050522097
               1.1799999                   -0.0041089381
                  1.1825                   -0.0032635368
               1.1849999                   -0.0025139505
                  1.1875                   -0.0018620765
               1.1900001                   -0.0013079941
                  1.1925                  -0.00085163365
               1.1950001                   -0.0004929276
                  1.1975                  -0.00023151606
                     1.2                   -6.794775e-05
                  1.2025                   3.9564598e-07
                   1.205                  -2.9198089e-05
                  1.2075                  -0.00015483902
                    1.21                  -0.00037226914
                  1.2125                  -0.00068461691
                   1.215                   -0.0010879605
                  1.2175                   -0.0015839254
                    1.22                   -0.0021667869
                  1.2225                   -0.0028390206
                   1.225                   -0.0035962849
                  1.2275                     -0.00443861
                    1.23                   -0.0053630316
                  1.2325                   -0.0063669839
                   1.235                   -0.0074507144
                  1.2375                   -0.0086087712
                    1.24                   -0.0098404078
               1.2424999                    -0.011143773
                   1.245                    -0.012517293
               1.2474999                    -0.013955295
                    1.25                    -0.015456831
               1.2525001                    -0.017019015
                   1.255                    -0.018640281
               1.2575001                    -0.020315294
                    1.26                    -0.022044291
                  1.2625                    -0.023821308
                   1.265                    -0.025645176
                  1.2675                    -0.027513596
                    1.27                    -0.029420592
                  1.2725                      -0.0313661
                   1.275                    -0.033344985
                  1.2775                    -0.035355647
                    1.28                    -0.037393466
                  1.2825                    -0.039457178
                   1.285                    -0.041541674
                  1.2875                    -0.043644618
                    1.29                    -0.045764715
                  1.2925                    -0.047895565
                   1.295                    -0.050036524
                  1.2975                    -0.052182413
                     1.3                    -0.054332866
                  1.3025                    -0.056482382
               1.3049999                    -0.058630248
                  1.3075                    -0.060771789
               1.3099999                    -0.062905315
                  1.3125                    -0.065026471
               1.3150001                    -0.067133115
                  1.3175                    -0.069223879
               1.3200001                    -0.071293709
                  1.3225                     -0.07334214
                   1.325                    -0.075364874
                  1.3275                    -0.077362148
                    1.33                    -0.079328255
                  1.3325                    -0.081262889
                   1.335                     -0.08316314
                  1.3375                    -0.085028083
                    1.34                    -0.086854944
                  1.3425                    -0.088640968
                   1.345                    -0.090384291
                  1.3475                    -0.092084532
                    1.35                    -0.093740414
                  1.3525                    -0.095349018
                   1.355                    -0.096907442
                  1.3575                    -0.098418496
                    1.36                    -0.099876451
                  1.3625                     -0.10128408
                   1.365                     -0.10263819
               1.3674999                     -0.10393866
                    1.37                     -0.10518308
               1.3724999                     -0.10637322
                   1.375                      -0.1075068
               1.3775001                     -0.10858501
                    1.38                     -0.10960428
               1.3825001                     -0.11056886
                   1.385                      -0.1114738
                  1.3875                     -0.11232456
                    1.39                     -0.11311559
                  1.3925                     -0.11385044
                   1.395                     -0.11452926
                  1.3975                     -0.11515356
                     1.4                     -0.11571897
                  1.4025                      -0.1162318
                   1.405                     -0.11669061
                  1.4075                     -0.11709546
                    1.41                     -0.11744694
                  1.4125                     -0.11774771
                   1.415                     -0.11799751
                  1.4175                     -0.11819921
                    1.42                     -0.11835181
                  1.4225                      -0.1184593
                   1.425                     -0.11852105
                  1.4275                     -0.11853951
               1.4299999                     -0.11851497
                  1.4325                     -0.11845084
               1.4349999                     -0.11835021
                  1.4375                     -0.11820963
               1.4400001                     -0.11803804
                  1.4425                     -0.11783138
               1.4450001                      -0.1175936
                  1.4475                     -0.11732806
                    1.45                     -0.11703442
                  1.4525                       -0.116717
                   1.455                     -0.11637796
                  1.4575                     -0.11601919
                    1.46                     -0.11564089
                  1.4625                     -0.11524929
                   1.465                     -0.11484162
                  1.4675                     -0.11442446
                    1.47                     -0.11399836
                  1.4725                     -0.11356628
                   1.475                     -0.11313107
                  1.4775                     -0.11269405
                    1.48                     -0.11225651
                  1.4825                     -0.11182458
                   1.485                     -0.11139624
                  1.4875                     -0.11097829
                    1.49                     -0.11056874
               1.4924999                     -0.11017351
                   1.495                     -0.10979253
               1.4974999                     -0.10942897
                     1.5                     -0.10908555
               1.5025001                     -0.10876622
                   1.505                     -0.10846931
               1.5075001                     -0.10820054
                    1.51                     -0.10795798
                  1.5125                      -0.1077496
                   1.515                     -0.10757203
                  1.5175                     -0.10743127
                    1.52                      -0.1073266
                  1.5225                     -0.10726061
                   1.525                     -0.10723779
                  1.5275                     -0.10725761
                    1.53                     -0.10732268
                  1.5325                      -0.1074336
                   1.535                     -0.10759169
                  1.5375                     -0.10780268
                    1.54                      -0.1080634
                  1.5425                     -0.10837854
                   1.545                     -0.10874901
                  1.5475                     -0.10917538
                    1.55                      -0.1096587
                  1.5525                     -0.11020298
               1.5549999                     -0.11080477
                  1.5575                     -0.11147033
               1.5599999                     -0.11219717
                  1.5625                     -0.11298748
               1.5650001                     -0.11384182
                  1.5675                     -0.11476432
               1.5700001                     -0.11575142
                  1.5725                     -0.11680402
                   1.575                     -0.11792722
                  1.5775                      -0.1191166
                    1.58                     -0.12037575
                  1.5825                     -0.12170499
                   1.585                     -0.12310314
                  1.5875                     -0.12457105
                    1.59                     -0.12611116
                  1.5925                     -0.12772096
                   1.595                     -0.12940134
                  1.5975                     -0.13115264
                     1.6                     -0.13297619
                  1.6025                     -0.13486983
                   1.605                      -0.1368355
                  1.6075                     -0.13886983
                    1.61                     -0.14097656
                  1.6125                     -0.14315213
                   1.615                      -0.1453978
               1.6174999                     -0.14771295
                    1.62                     -0.15009735
               1.6224999                     -0.15255174
                   1.625                     -0.15507164
               1.6275001                     -0.15766035
                    1.63                     -0.16031576
               1.6325001                     -0.16303769
                   1.635                     -0.16582327
                  1.6375                     -0.16867619
                    1.64                     -0.17158916
                  1.6425                     -0.17456849
                   1.645                     -0.17760901
                  1.6475                     -0.18070937
                    1.65                     -0.18387144
                  1.6525                     -0.18709188
                   1.655                     -0.19037188
                  1.6575                     -0.19370836
                    1.66                     -0.19710106
                  1.6625                     -0.20054924
                   1.665                      -0.2040522
                  1.6675                     -0.20760731
                    1.67                     -0.21121448
                  1.6725                     -0.21487356
                   1.675                     -0.21858281
                  1.6775                     -0.22234013
               1.6799999                     -0.22614526
                  1.6825                     -0.22999728
               1.6849999                      -0.2338945
                  1.6875                     -0.23783813
               1.6900001                     -0.24182387
                  1.6925                     -0.24585236
               1.6950001                     -0.24992256
                  1.6975                      -0.2540337
                     1.7                     -0.25818457
                  1.7025                     -0.26237371
                   1.705                     -0.26660065
                  1.7075                     -0.27086656
                    1.71                     -0.27516657
                  1.7125                     -0.27950349
                   1.715                     -0.28387499
                  1.7175                     -0.28828036
                    1.72                     -0.29271912
                  1.7225                      -0.2971915
                   1.725                     -0.30169562
                  1.7275                     -0.30623199
                    1.73                     -0.31080126
                  1.7325                     -0.31539954
                   1.735                     -0.32002966
                  1.7375                     -0.32469014
                    1.74                     -0.32938103
               1.7424999                     -0.33410346
                   1.745                     -0.33885521
               1.7474999                     -0.34363848
                    1.75                     -0.34845078
               1.7525001                     -0.35329569
                   1.755                      -0.3581702
               1.7575001                     -0.36307746
                    1.76                     -0.36801621
                  1.7625                     -0.37298723
                   1.765                     -0.37799153
                  1.7675                     -0.38302965
                    1.77                     -0.38810282
                  1.7725                     -0.39321147
                   1.775                       -0.398356
                  1.7775                     -0.40353774
                    1.78                     -0.40875848
                  1.7825                     -0.41401996
                   1.785                     -0.41932143
                  1.7875                     -0.42466684
                    1.79                     -0.43005523
                  1.7925                     -0.43549007
                   1.795                     -0.44097356
                  1.7975                     -0.44650411
                     1.8                     -0.45208769
                  1.8025                     -0.45772371
               1.8049999                     -0.46341478
                  1.8075                     -0.46916406
               1.8099999                     -0.47497306
                  1.8125                     -0.48084329
               1.8150001                     -0.48677931
                  1.8175                     -0.49278115
               1.8200001                     -0.49885316
                  1.8225                     -0.50499743
                   1.825                     -0.51121778
                  1.8275                     -0.51751606
                    1.83                     -0.52389572
                  1.8325                     -0.53035963
                   1.835                     -0.53691079
                  1.8375                     -0.54355246
                    1.84                     -0.55028858
                  1.8425                     -0.55712159
                   1.845                     -0.56405664
                  1.8475                     -0.57109561
                    1.85                     -0.57824251
                  1.8525                     -0.58550213
                   1.855                     -0.59287834
                  1.8575                     -0.60037213
                    1.86                     -0.60799069
                  1.8625                     -0.61573657
                   1.865                     -0.62361525
               1.8674999                      -0.6316294
                    1.87                     -0.63978271
               1.8724999                     -0.64808199
                   1.875                     -0.65652881
               1.8775001                     -0.66513089
                    1.88                     -0.67388898
               1.8825001                     -0.68280945
                   1.885                     -0.69189619
                  1.8875                     -0.70115628
                    1.89                     -0.71059198
                  1.8925                     -0.72020913
                   1.895                     -0.73001191
                  1.8975                     -0.74000405
                     1.9                     -0.75019381
                  1.9025                     -0.76058275
                   1.905                     -0.77117779
                  1.9075                     -0.78198295
                    1.91                     -0.79300306
                  1.9125                     -0.80424575
                   1.915                     -0.81571239
                  1.9175                     -0.82741129
                    1.92                     -0.83934597
                  1.9225                     -0.85152041
                   1.925                     -0.86394449
                  1.9275                     -0.87661971
               1.9299999                     -0.88955147
                  1.9325                     -0.90274644
               1.9349999                     -0.91620942
                  1.9375                     -0.92994476
               1.9400001                      -0.9439611
                  1.9425                     -0.95826105
               1.9450001                     -0.97285073
                  1.9475                     -0.98773536
                    1.95                      -1.0029216
                  1.9525                       -1.018413
                   1.955                      -1.0342167
                  1.9575                      -1.0503388
                    1.96                      -1.0667823
                  1.9625                      -1.0835561
                   1.965                      -1.1006641
                  1.9675                      -1.1181112
                    1.97                       -1.135905
                  1.9725                      -1.1540479
                   1.975                      -1.1725503
                  1.9775                      -1.1914126
                    1.98                      -1.2106443
                  1.9825                      -1.2302499
                   1.985                      -1.2502347
                  1.9875                      -1.2706058
                    1.99                      -1.2913666
               1.9924999                       -1.312526
                   1.995                      -1.3340857
               1.9974999                       -1.356056
                       2                      -1.3784382
               2.0025001                      -1.4012421
               2.0050001                      -1.4244706
               2.0074999                      -1.4481323
                    2.01                      -1.4722307
                  2.0125                      -1.4967708
               2.0150001                      -1.5217623
               2.0174999                      -1.5472076
                    2.02                      -1.5731133
                  2.0225                      -1.5994869
               2.0250001                       -1.626332
               2.0274999                       -1.653658
                    2.03                       -1.681467
                  2.0325                      -1.7097681
               2.0350001                      -1.7385637
               2.0374999                       -1.767864
                    2.04                      -1.7976727
                  2.0425                      -1.8279959
               2.0450001                        -1.85884
               2.0474999                      -1.8902112
                    2.05                      -1.9221163
                  2.0525                      -1.9545602
               2.0550001                      -1.9875501
               2.0574999                      -2.0210927
               2.0599999                      -2.0551932
                  2.0625                      -2.0898582
               2.0650001                      -2.1250941
               2.0675001                      -2.1609083
               2.0699999                      -2.1973055
                  2.0725                      -2.2342937
                   2.075                      -2.2718789
               2.0775001                      -2.3100673
               2.0799999                       -2.348867
                  2.0825                      -2.3882832
                   2.085                      -2.4283228
               2.0875001                      -2.4689929
               2.0899999                       -2.510302
                  2.0925                      -2.5522533
                   2.095                      -2.5948578
               2.0975001                      -2.6381206
               2.0999999                      -2.6820496
                  2.1025                      -2.7266509
                   2.105                      -2.7719328
               2.1075001                       -2.817903
               2.1099999                      -2.8645675
                  2.1125                      -2.9119354
                   2.115                      -2.9600123
               2.1175001                      -3.0088089
               2.1199999                      -3.0583317
               2.1224999                      -3.1085896
                   2.125                      -3.1595883
               2.1275001                      -3.2113375
               2.1300001                      -3.2638462
               2.1324999                      -3.3171215
                   2.135                      -3.3711731
                  2.1375                      -3.4260086
               2.1400001                      -3.4816384
               2.1424999                      -3.5380691
                   2.145                      -3.5953133
                  2.1475                      -3.6533766
               2.1500001                      -3.7122708
               2.1524999                      -3.7720045
                   2.155                       -3.832589
                  2.1575                      -3.8940309
               2.1600001                      -3.9563438
               2.1624999                      -4.0195379
                   2.165                      -4.0836222
                  2.1675                      -4.1486065
               2.1700001                      -4.2145028
               2.1724999                      -4.2813241
                   2.175                      -4.3490808
                  2.1775                      -4.4177823
               2.1800001                      -4.4874434
               2.1824999                      -4.5580766
               2.1849999                      -4.6296904
                  2.1875                      -4.7023011
               2.1900001                      -4.7759208
               2.1925001                      -4.8505618
               2.1949999                      -4.9262395
                  2.1975                      -5.0029655
                     2.2                      -5.0807568
               2.2025001                      -5.1596265
               2.2049999                      -5.2395908
                  2.2075                      -5.3206624
                    2.21                      -5.4028589
               2.2125001                      -5.4861969
               2.2149999                      -5.5706925
                  2.2175                      -5.6563614
                    2.22                      -5.7432248
               2.2225001                      -5.8312969
               2.2249999                      -5.9205982
                  2.2275                      -6.0111456
                    2.23                      -6.1029613
               2.2325001                      -6.1960637
               2.2349999                      -6.2904745
                  2.2375                      -6.3862139
                    2.24                      -6.4833053
               2.2425001                      -6.5817688
               2.2449999                      -6.6816307
               2.2474999                      -6.7829134
                    2.25                       -6.885642
               2.2525001                      -6.9898421
               2.2550001                      -7.0955405
               2.2574999                      -7.2027633
                    2.26                      -7.3115399
                  2.2625                      -7.4218987
               2.2650001                      -7.5338693
               2.2674999                      -7.6474843
                    2.27                      -7.7627757
                  2.2725                      -7.8797754
               2.2750001                      -7.9985181
               2.2774999                      -8.1190408
                    2.28                      -8.2413799
                  2.2825                      -8.3655748
               2.2850001                      -8.4916638
               2.2874999                      -8.6196882
                    2.29                      -8.7496918
                  2.2925                      -8.8817187
               2.2950001                      -9.0158164
               2.2974999                      -9.1520308
                     2.3                      -9.2904152
                  2.3025                      -9.4310174
               2.3050001                      -9.5738943
               2.3074999                      -9.7191032
               2.3099999                      -9.8667002
                  2.3125                      -10.016748
               2.3150001                      -10.169311
               2.3175001                      -10.324456
               2.3199999                      -10.482249
                  2.3225                      -10.642766
                   2.325                      -10.806083
               2.3275001                      -10.972279
               2.3299999                      -11.141434
                  2.3325                      -11.313638
                   2.335                       -11.48898
               2.3375001                      -11.667554
               2.3399999                      -11.849461
                  2.3425                      -12.034804
                   2.345                      -12.223692
               2.3475001                      -12.416238
               2.3499999                      -12.612563
                  2.3525                      -12.812791
                   2.355                      -13.017054
               2.3575001                      -13.225489
               2.3599999                      -13.438239
                  2.3625                      -13.655456
                   2.365                      -13.877298
               2.3675001                       -14.10393
               2.3699999                      -14.335524
               2.3724999                       -14.57226
                   2.375                      -14.814329
               2.3775001                      -15.061923
               2.3800001                      -15.315246
               2.3824999                       -15.57451
                   2.385                       -15.83993
                  2.3875                      -16.111727
               2.3900001                       -16.39013
               2.3924999                      -16.675366
                   2.395                      -16.967664
                  2.3975                      -17.267246
               2.4000001                      -17.574329
               2.4024999                      -17.889115
                   2.405                      -18.211779
                  2.4075                      -18.542467
               2.4100001                      -18.881274
               2.4124999                      -19.228233
                   2.415                      -19.583284
                  2.4175                      -19.946253
               2.4200001                      -20.316809
               2.4224999                      -20.694422
                   2.425                      -21.078299
                  2.4275                      -21.467318
               2.4300001                      -21.859942
               2.4324999                      -22.254112
               2.4349999                      -22.647156
                  2.4375                      -23.035651
               2.4400001                      -23.415337
               2.4425001                      -23.781033
               2.4449999                      -24.126624
                  2.4475                       -24.44516
                    2.45                      -24.729083
               2.4525001                      -24.970643
               2.4549999                      -25.162484
                  2.4575                      -25.298354
                    2.46                      -25.373811
               2.4625001                      -25.386804
               2.4649999                      -25.337944
                  2.4675                      -25.230424
                    2.47                      -25.069589
               2.4725001                      -24.862282
               2.4749999                      -24.616117
                  2.4775                      -24.338812
                    2.48                      -24.037683
               2.4825001                      -23.719316
               2.4849999                        -23.3894
                  2.4875                      -23.052679
                    2.49                      -22.713021
               2.4925001                       -22.37348
               2.4949999                      -22.036439
               2.4974999                      -21.703691
                     2.5                      -21.376571
               2.5025001                      -21.056038
               2.5050001                       -20.74275
               2.5074999                      -20.437136
                    2.51                      -20.139445
                  2.5125                      -19.849787
               2.5150001                      -19.568176
               2.5174999                       -19.29454
                    2.52                      -19.028754
                  2.5225                      -18.770653
               2.5250001                      -18.520044
               2.5274999                      -18.276712
                    2.53                       -18.04043
                  2.5325                      -17.810969
               2.5350001                      -17.588096
               2.5374999                      -17.371575
                    2.54                      -17.161178
                  2.5425                      -16.956682
               2.5450001                      -16.757864
               2.5474999                      -16.564515
                    2.55                      -16.376428
                  2.5525                       -16.19341
               2.5550001                      -16.015266
               2.5574999                      -15.841815
               2.5599999                      -15.672885
                  2.5625                      -15.508305
               2.5650001                      -15.347919
               2.5675001                      -15.191573
               2.5699999                       -15.03912
                  2.5725                      -14.890422
                   2.575                      -14.745342
               2.5775001                      -14.603756
               2.5799999                      -14.465537
                  2.5825                      -14.330573
                   2.585                       -14.19875
               2.5875001                      -14.069963
               2.5899999                      -13.944104
                  2.5925                      -13.821083
                   2.595                      -13.700799
               2.5975001                      -13.583165
               2.5999999                      -13.468094
                  2.6025                      -13.355506
                   2.605                      -13.245318
               2.6075001                      -13.137454
               2.6099999                       -13.03184
                  2.6125                      -12.928408
                   2.615                       -12.82709
               2.6175001                      -12.727819
               2.6199999                      -12.630534
               2.6224999                      -12.535172
                   2.625                      -12.441677
               2.6275001                      -12.349993
               2.6300001                      -12.260065
               2.6324999                      -12.171838
                   2.635                      -12.085269
                  2.6375                      -12.000304
               2.6400001                      -11.916899
               2.6424999                      -11.835004
                   2.645                      -11.754579
                  2.6475                      -11.675581
               2.6500001                      -11.597971
               2.6524999                      -11.521706
                   2.655                      -11.446748
                  2.6575                      -11.373063
               2.6600001                      -11.300612
               2.6624999                      -11.229362
                   2.665                      -11.159278
                  2.6675                       -11.09033
               2.6700001                      -11.022484
               2.6724999                      -10.955709
                   2.675                      -10.889978
                  2.6775                      -10.825261
               2.6800001                       -10.76153
               2.6824999                      -10.698758
               2.6849999                      -10.636919
                  2.6875                      -10.575988
               2.6900001                      -10.515939
               2.6925001                       -10.45675
               2.6949999                      -10.398396
                  2.6975                      -10.340856
                     2.7                      -10.284109
               2.7025001                      -10.228133
               2.7049999                      -10.172906
                  2.7075                      -10.118412
                    2.71                      -10.064627
               2.7125001                      -10.011537
               2.7149999                      -9.9591216
                  2.7175                      -9.9073651
                    2.72                      -9.8562482
               2.7225001                      -9.8057568
               2.7249999                       -9.755873
                  2.7275                       -9.706584
                    2.73                      -9.6578737
               2.7325001                      -9.6097282
               2.7349999                      -9.5621331
                  2.7375                      -9.5150759
                    2.74                       -9.468543
               2.7425001                      -9.4225226
               2.7449999                      -9.3770031
               2.7474999                      -9.3319703
                    2.75                      -9.2874169
               2.7525001                        -9.24333
               2.7550001                         -9.1997
               2.7574999                      -9.1565162
                    2.76                      -9.1137691
                  2.7625                       -9.071451
               2.7650001                      -9.0295514
               2.7674999                      -8.9880616
                    2.77                       -8.946976
                  2.7725                      -8.9062844
               2.7750001                      -8.8659796
               2.7774999                      -8.8260567
                    2.78                      -8.7865059
                  2.7825                       -8.747323
               2.7850001                      -8.7085005
               2.7874999                      -8.6700335
                    2.79                       -8.631915
                  2.7925                        -8.59414
               2.7950001                      -8.5567057
               2.7974999                      -8.5196039
                     2.8                      -8.4828328
                  2.8025                      -8.4463857
               2.8050001                      -8.4102607
               2.8074999                      -8.3744531
               2.8099999                      -8.3389587
                  2.8125                       -8.303774
               2.8150001                      -8.2688957
               2.8175001                      -8.2343236
               2.8199999                      -8.2000518
                  2.8225                      -8.1660781
                   2.825                      -8.1324011
               2.8275001                      -8.0990177
               2.8299999                      -8.0659267
                  2.8325                      -8.0331247
                   2.835                      -8.0006113
               2.8375001                      -7.9683834
               2.8399999                      -7.9364412
                  2.8425                      -7.9047813
                   2.845                      -7.8734042
               2.8475001                      -7.8423065
               2.8499999                      -7.8114913
                  2.8525                       -7.780953
                   2.855                      -7.7506923
               2.8575001                        -7.72071
               2.8599999                      -7.6910034
                  2.8625                      -7.6615737
                   2.865                      -7.6324186
               2.8675001                      -7.6035375
               2.8699999                      -7.5749321
               2.8724999                      -7.5465992
                   2.875                      -7.5185406
               2.8775001                      -7.4907557
               2.8800001                      -7.4632426
               2.8824999                      -7.4360031
                   2.885                      -7.4090352
                  2.8875                      -7.3823402
               2.8900001                      -7.3559184
               2.8924999                      -7.3297673
                   2.895                      -7.3038878
                  2.8975                      -7.2782807
               2.9000001                      -7.2529448
               2.9024999                      -7.2278787
                   2.905                      -7.2030835
                  2.9075                      -7.1785599
               2.9100001                      -7.1543067
               2.9124999                       -7.130323
                   2.915                      -7.1066087
                  2.9175                      -7.0831645
               2.9200001                      -7.0599883
               2.9224999                      -7.0370821
                   2.925                      -7.0144425
                  2.9275                      -6.9920707
               2.9300001                      -6.9699649
               2.9324999                      -6.9481249
               2.9349999                       -6.926551
                  2.9375                      -6.9052412
               2.9400001                      -6.8841948
               2.9425001                      -6.8634121
               2.9449999                      -6.8428894
                  2.9475                      -6.8226279
                    2.95                      -6.8026251
               2.9525001                      -6.7828817
               2.9549999                      -6.7633938
                  2.9575                      -6.7441619
                    2.96                      -6.7251836
               2.9625001                      -6.7064586
               2.9649999                       -6.687982
                  2.9675                      -6.6697554
                    2.97                      -6.6517754
               2.9725001                      -6.6340413
               2.9749999                       -6.616549
                  2.9775                      -6.5992986
                    2.98                      -6.5822854
               2.9825001                      -6.5655104
               2.9849999                      -6.5489682
                  2.9875                      -6.5326578
                    2.99                      -6.5165754
               2.9925001                      -6.5007199
               2.9949999                      -6.4850872
               2.9974999                      -6.4696749
                       3                      -6.4544796
               3.0025001                      -6.4395004
               3.0050001                      -6.4247322
               3.0074999                      -6.4101713
                    3.01                      -6.3958146
                  3.0125                      -6.3816601
               3.0150001                      -6.3677037
               3.0174999                      -6.3539399
                    3.02                       -6.340368
                  3.0225                       -6.326983
               3.0250001                      -6.3137806
               3.0274999                      -6.3007577
                    3.03                      -6.2879093
                  3.0325                      -6.2752318
               3.0350001                      -6.2627224
               3.0374999                      -6.2503741
                    3.04                      -6.2381857
                  3.0425                       -6.226151
               3.0450001                      -6.2142662
               3.0474999                      -6.2025264
                    3.05                      -6.1909285
                  3.0525                      -6.1794673
               3.0550001                      -6.1681374
               3.0574999                      -6.1569344
               3.0599999                      -6.1458555
                  3.0625                      -6.1348944
               3.0650001                      -6.1240474
               3.0675001                      -6.1133078
               3.0699999                      -6.1026738
                  3.0725                      -6.0921377
                   3.075                      -6.0816965
               3.0775001                      -6.0713472
               3.0799999                      -6.0610816
                  3.0825                      -6.0508976
                   3.085                      -6.0407887
               3.0875001                      -6.0307514
               3.0899999                       -6.020782
                  3.0925                      -6.0108731
                   3.095                      -6.0010228
               3.0975001                      -5.9912248
               3.0999999                      -5.9814763
                  3.1025                      -5.9717715
                   3.105                      -5.9621071
               3.1075001                      -5.9524778
               3.1099999                       -5.942881
                  3.1125                      -5.9333106
                   3.115                      -5.9237644
               3.1175001                      -5.9142364
               3.1199999                      -5.9047234
               3.1224999                      -5.8952223
                   3.125                      -5.8857313
               3.1275001                      -5.8762427
               3.1300001                      -5.8667581
               3.1324999                      -5.8572689
                   3.135                      -5.8477755
                  3.1375                      -5.8382728
               3.1400001                      -5.8287597
               3.1424999                      -5.8192327
                   3.145                      -5.8096873
                  3.1475                      -5.8001254
               3.1500001                      -5.7905412
               3.1524999                      -5.7809337
                   3.155                      -5.7712988
                  3.1575                      -5.7616381
               3.1600001                      -5.7519485
               3.1624999                      -5.7422283
                   3.165                      -5.7324757
                  3.1675                       -5.722689
               3.1700001                      -5.7128711
               3.1724999                      -5.7030182
                   3.175                      -5.6931273
                  3.1775                      -5.6832027
               3.1800001                       -5.673241
               3.1824999                      -5.6632447
               3.1849999                      -5.6532112
                  3.1875                      -5.6431425
               3.1900001                      -5.6330381
               3.1925001                      -5.6229006
               3.1949999                      -5.6127277
                  3.1975                      -5.6025227
                     3.2                      -5.5922874
               3.2025001                      -5.5820217
               3.2049999                      -5.5717266
                  3.2075                      -5.5614061
                    3.21                      -5.5510607
               3.2125001                      -5.5406929
               3.2149999                      -5.5303037
                  3.2175                      -5.5198966
                    3.22                      -5.5094738
               3.2225001                      -5.4990407
               3.2249999                      -5.4885962
                  3.2275                      -5.4781443
                    3.23                      -5.4676893
               3.2325001                      -5.4572334
               3.2349999                      -5.4467834
                  3.2375                      -5.4363373
                    3.24                      -5.4259023
               3.2425001                      -5.4154818
               3.2449999                      -5.4050791
               3.2474999                      -5.3946981
                    3.25                      -5.3843431
               3.2525001                      -5.3740199
               3.2550001                      -5.3637305
               3.2574999                      -5.3534789
                    3.26                      -5.3432732
                  3.2625                       -5.333114
               3.2650001                      -5.3230066
               3.2674999                      -5.3129561
                    3.27                      -5.3029685
                  3.2725                      -5.2930461
               3.2750001                      -5.2831965
               3.2774999                      -5.2734198
                    3.28                      -5.2637256
                  3.2825                      -5.2541145
               3.2850001                      -5.2445944
               3.2874999                      -5.2351692
                    3.29                      -5.2258416
                  3.2925                      -5.2166178
               3.2950001                      -5.2075029
               3.2974999                      -5.1985025
                     3.3                      -5.1896189
                  3.3025                       -5.180857
               3.3050001                      -5.1722201
               3.3074999                      -5.1637147
               3.3099999                      -5.1553452
                  3.3125                      -5.1471131
               3.3150001                      -5.1390264
               3.3175001                      -5.1310859
               3.3199999                      -5.1232972
                  3.3225                      -5.1156635
                   3.325                      -5.1081884
               3.3275001                      -5.1008763
               3.3299999                      -5.0937282
                  3.3325                        -5.08675
                   3.335                      -5.0799438
               3.3375001                      -5.0733118
               3.3399999                      -5.0668588
                  3.3425                      -5.0605857
                   3.345                       -5.054496
               3.3475001                      -5.0485897
               3.3499999                      -5.0428728
                  3.3525                      -5.0373452
                   3.355                      -5.0320083
               3.3575001                       -5.026866
               3.3599999                      -5.0219174
                  3.3625                      -5.0171635
                   3.365                      -5.0126055
               3.3675001                      -5.0082457
               3.3699999                      -5.0040826
               3.3724999                      -5.0001183
                   3.375                      -4.9963517
               3.3775001                      -4.9927832
               3.3800001                      -4.9894136
               3.3824999                      -4.9862392
                   3.385                      -4.9832629
                  3.3875                      -4.9804813
               3.3900001                       -4.977894
               3.3924999                      -4.9754991
                   3.395                      -4.9732955
                  3.3975                      -4.9712805
               3.4000001                      -4.9694511
               3.4024999                      -4.9678064
                   3.405                      -4.9663433
                  3.4075                      -4.9650573
               3.4100001                      -4.9639469
               3.4124999                      -4.9630081
                   3.415                      -4.9622358
                  3.4175                      -4.9616286
               3.4200001                      -4.9611791
               3.4224999                      -4.9608861
                   3.425                      -4.9607431
                  3.4275                      -4.9607442
               3.4300001                      -4.9608863
               3.4324999                      -4.9611607
               3.4349999                      -4.9615661
                  3.4375                      -4.9620934
               3.4400001                       -4.962738
               3.4425001                      -4.9634924
               3.4449999                      -4.9643502
                  3.4475                      -4.9653038
                    3.45                       -4.966349
               3.4525001                      -4.9674762
               3.4549999                      -4.9686784
                  3.4575                      -4.9699492
                    3.46                      -4.9712789
               3.4625001                      -4.9726604
               3.4649999                      -4.9740863
                  3.4675                      -4.9755473
                    3.47                      -4.9770389
               3.4725001                      -4.9785465
               3.4749999                      -4.9800665
                  3.4775                      -4.9815876
                    3.48                      -4.9831009
               3.4825001                      -4.9845989
               3.4849999                      -4.9860737
                  3.4875                      -4.9875144
                    3.49                      -4.9889134
               3.4925001                      -4.9902605
               3.4949999                      -4.9915473
               3.4974999                      -4.9927659
                     3.5                      -4.9939068

